#doc name topic proportion ...
0	file:/Users/widner/Projects/DLCL/Alduy/Rhetoric_of_LePen/chunks/stripped/.DS_Store	7	0.8431987019039623	4	0.028524135324739935	1	0.024544166072958028	2	0.022187321867276406	5	0.01948531184156841	9	0.016705971332011904	3	0.015792014809481957	0	0.015722659875522283	8	0.008894744483758654	6	0.00494497248872015	
1	file:/Users/widner/Projects/DLCL/Alduy/Rhetoric_of_LePen/chunks/stripped/1997.sgml_stripped.txt/0	1	0.5153673402136835	4	0.1627276865939518	8	0.08986794800576223	3	0.0870308779310564	5	0.08402839019829128	9	0.02640786028645054	2	0.02190110349048823	0	0.011987834089226176	7	4.2565563725689183E-4	6	2.553035538330537E-4	
2	file:/Users/widner/Projects/DLCL/Alduy/Rhetoric_of_LePen/chunks/stripped/1998.sgml_stripped.txt/0	1	0.6534432285427589	4	0.1232116313145599	0	0.07918052105352884	3	0.060679450103720445	8	0.0314342256779429	7	0.025222430746178148	9	0.019616481355419265	2	0.003531447048183482	6	0.0023849837479118226	5	0.001295600409796213	
3	file:/Users/widner/Projects/DLCL/Alduy/Rhetoric_of_LePen/chunks/stripped/1998.sgml_stripped.txt/1	1	0.6045245862197275	8	0.19880291955045948	4	0.1175263829287584	0	0.03408457695168316	3	0.019636463834004286	9	0.011438774121160691	5	0.00749498339629699	2	0.0035460296478675556	7	0.0026151288207986044	6	3.301545292433323E-4	
4	file:/Users/widner/Projects/DLCL/Alduy/Rhetoric_of_LePen/chunks/stripped/1998.sgml_stripped.txt/2	1	0.6840657211716352	0	0.14684761606645774	4	0.10969431196223989	9	0.045507150310186484	8	0.004832983210366116	5	0.003443842745409709	7	0.0026759024571771928	2	0.0015157774951691796	3	0.0010788675079751546	6	3.37827073383185E-4	
5	file:/Users/widner/Projects/DLCL/Alduy/Rhetoric_of_LePen/chunks/stripped/1998.sgml_stripped.txt/3	1	0.6988780389773586	4	0.11776953906556845	5	0.06957897146502183	8	0.05231882691872715	3	0.03415973632671307	2	0.0076912649588665415	9	0.007324541610592841	0	0.0072587543073726205	7	0.004689488767527764	6	3.3083760225111655E-4	
6	file:/Users/widner/Projects/DLCL/Alduy/Rhetoric_of_LePen/chunks/stripped/1998.sgml_stripped.txt/4	1	0.5476475735783978	0	0.16588145571217242	4	0.09874041681947891	5	0.0507484351800162	9	0.04026113515089947	7	0.03969736451124549	8	0.025317722836339117	2	0.015901264646014508	6	0.008571168485178256	3	0.007233463080257826	
7	file:/Users/widner/Projects/DLCL/Alduy/Rhetoric_of_LePen/chunks/stripped/1998.sgml_stripped.txt/5	1	0.5804837479420233	4	0.0993676640448074	5	0.08455608612976505	7	0.07569326714147886	2	0.04004872592108877	9	0.037657577677268836	0	0.029468478351297255	3	0.02541077632757916	8	0.018864372001008205	6	0.00844930446368307	
8	file:/Users/widner/Projects/DLCL/Alduy/Rhetoric_of_LePen/chunks/stripped/1998.sgml_stripped.txt/6	1	0.4202097006516555	0	0.2419680785286765	5	0.16768768331219214	4	0.05917577868410109	2	0.05475726186250166	9	0.054512891348270816	3	7.040423258659655E-4	8	3.965470315142351E-4	7	3.6755863950284877E-4	6	2.2045761571926693E-4	
9	file:/Users/widner/Projects/DLCL/Alduy/Rhetoric_of_LePen/chunks/stripped/1999.sgml_stripped.txt/0	1	0.47261141016150865	4	0.23328636518753654	8	0.18488791774987057	9	0.07277805117485148	0	0.023566559237704066	5	0.005385825755721332	2	0.003516983895492656	3	0.0030934942479725284	7	5.459423766596944E-4	6	3.274502126825218E-4	
10	file:/Users/widner/Projects/DLCL/Alduy/Rhetoric_of_LePen/chunks/stripped/1999.sgml_stripped.txt/1	1	0.6290013262353847	8	0.17020501742931382	4	0.09384611869893025	7	0.031198541458515104	3	0.02965372523335946	9	0.01949621775060918	2	0.015771282557808828	0	0.009213332177708474	5	0.001287657416715424	6	3.26781041654692E-4	
11	file:/Users/widner/Projects/DLCL/Alduy/Rhetoric_of_LePen/chunks/stripped/1999.sgml_stripped.txt/2	1	0.4539930956024186	8	0.2555586018686347	5	0.1349477513491996	4	0.09031264031409138	3	0.05862326316619116	2	0.003531447048183482	9	0.0011107989176557217	0	0.001045417427416112	7	5.48187495826757E-4	6	3.287968103825398E-4	
12	file:/Users/widner/Projects/DLCL/Alduy/Rhetoric_of_LePen/chunks/stripped/1999.sgml_stripped.txt/3	1	0.5808120271904172	4	0.19154656501093908	8	0.08012371483532282	9	0.06432354901601446	0	0.04386456810767757	5	0.035955057073027305	2	0.0014632254504229193	3	0.0010414631437230856	7	5.437155723959895E-4	6	3.261146000594207E-4	
13	file:/Users/widner/Projects/DLCL/Alduy/Rhetoric_of_LePen/chunks/stripped/1999.sgml_stripped.txt/4	1	0.4735811935137489	4	0.19682964252573407	8	0.152435818453455	9	0.07908329251073108	3	0.0318273899149118	0	0.025666884764587488	2	0.01583600688286401	7	0.01491083659110547	5	0.00950081271291713	6	3.281221299450325E-4	
14	file:/Users/widner/Projects/DLCL/Alduy/Rhetoric_of_LePen/chunks/stripped/1999.sgml_stripped.txt/5	1	0.5225124600665507	4	0.17003720430090194	8	0.13639913484759106	0	0.10240470190908738	7	0.027795639270019334	3	0.018529436244019773	9	0.013668185510286333	2	0.0067042313774574175	5	0.001554504991238159	6	3.9450148284781637E-4	
15	file:/Users/widner/Projects/DLCL/Alduy/Rhetoric_of_LePen/chunks/stripped/2000.sgml_stripped.txt/0	1	0.6290902324016937	4	0.11485989227647674	8	0.08562293715509393	0	0.06944073407081164	2	0.059990680153550496	5	0.032607140884541114	9	0.005215134532159494	3	0.0017291021516099266	7	9.027105488657618E-4	6	5.41435825197177E-4	
16	file:/Users/widner/Projects/DLCL/Alduy/Rhetoric_of_LePen/chunks/stripped/2001.sgml_stripped.txt/0	1	0.5054200583469981	8	0.10795710233379086	0	0.09396022920812383	5	0.07562934630879843	9	0.07337910404161656	4	0.05971540833633292	3	0.04028324047415624	2	0.03451619460809549	7	0.00880916181284419	6	3.301545292433323E-4	
17	file:/Users/widner/Projects/DLCL/Alduy/Rhetoric_of_LePen/chunks/stripped/2001.sgml_stripped.txt/1	1	0.5809735990110525	0	0.23754567073087896	9	0.050499133372987455	4	0.04872035765930415	7	0.04683232439799467	8	0.01810238585848564	6	0.0062184720983409665	5	0.0046931310627719575	3	0.00434928490274133	2	0.0020656409054423406	
18	file:/Users/widner/Projects/DLCL/Alduy/Rhetoric_of_LePen/chunks/stripped/2002.sgml_stripped.txt/0	1	0.46851587864327016	5	0.20606687014940697	9	0.10759006907987857	2	0.09157091153762002	4	0.07970393325359347	0	0.03585315379241952	3	0.00718902576621101	7	0.0025937081357789355	8	5.889994291388443E-4	6	3.274502126825218E-4	
19	file:/Users/widner/Projects/DLCL/Alduy/Rhetoric_of_LePen/chunks/stripped/2002.sgml_stripped.txt/1	1	0.3367483091907495	2	0.3284689951100962	4	0.1420213658262803	0	0.049779764913903415	8	0.049331301844917436	5	0.027684483754467817	7	0.022883922078702865	9	0.021408548427183916	3	0.013224004390015467	6	0.00844930446368307	
20	file:/Users/widner/Projects/DLCL/Alduy/Rhetoric_of_LePen/chunks/stripped/2002.sgml_stripped.txt/10	1	0.4510095487221059	0	0.19187626913941308	2	0.15947374646604662	4	0.06755567690086975	9	0.04419984146910102	7	0.03337854596608609	8	0.025213820536921824	3	0.023619519081587076	5	0.0033449095879235905	6	3.281221299450325E-4	
21	file:/Users/widner/Projects/DLCL/Alduy/Rhetoric_of_LePen/chunks/stripped/2002.sgml_stripped.txt/11	1	0.3794020109722224	0	0.27320391710257114	8	0.11229629018899652	5	0.09674285806732874	4	0.060776219575855696	9	0.031564191708487	3	0.019317390358797315	7	0.01679053610992102	2	0.009581796077179535	6	3.247898386406094E-4	
22	file:/Users/widner/Projects/DLCL/Alduy/Rhetoric_of_LePen/chunks/stripped/2002.sgml_stripped.txt/12	1	0.46016165641500645	0	0.2560125976810471	8	0.08078271217864567	4	0.08003170562644496	2	0.04671137273629842	5	0.03625077834779401	9	0.03606597685565352	3	0.0031062158529005343	7	5.48187495826757E-4	6	3.287968103825398E-4	
23	file:/Users/widner/Projects/DLCL/Alduy/Rhetoric_of_LePen/chunks/stripped/2002.sgml_stripped.txt/13	1	0.7469367480131235	5	0.11258853892947103	4	0.05651961123954338	7	0.03414935303260241	2	0.024599120322290353	8	0.013199959074426932	9	0.0074321792287182385	3	0.003171426306344967	0	0.0010673644355150046	6	3.35699417964079E-4	
24	file:/Users/widner/Projects/DLCL/Alduy/Rhetoric_of_LePen/chunks/stripped/2002.sgml_stripped.txt/14	1	0.5806849107465206	4	0.15602251068474993	5	0.05887414219739953	8	0.04889918661005175	2	0.04069828548092332	9	0.03339991607121636	0	0.031029804643367444	7	0.02817725347304077	3	0.02184667454093	6	3.6731555180025507E-4	
25	file:/Users/widner/Projects/DLCL/Alduy/Rhetoric_of_LePen/chunks/stripped/2002.sgml_stripped.txt/2	1	0.7036291140924569	4	0.0659094413283785	5	0.061176602660692074	9	0.0506676497374494	8	0.04395209474931979	7	0.03771464910905693	0	0.02789054395963757	2	0.007675384975897946	3	0.001054364857867526	6	3.301545292433323E-4	
26	file:/Users/widner/Projects/DLCL/Alduy/Rhetoric_of_LePen/chunks/stripped/2002.sgml_stripped.txt/3	1	0.40838020813828396	5	0.187121940165619	4	0.1546905808810319	0	0.12080103884032137	8	0.10795710233379086	2	0.009740062639913142	9	0.007309418793130301	3	0.0031190425218827218	7	5.504511567834089E-4	6	3.301545292433323E-4	
27	file:/Users/widner/Projects/DLCL/Alduy/Rhetoric_of_LePen/chunks/stripped/2002.sgml_stripped.txt/4	1	0.4428016778887812	2	0.27643590584092387	4	0.07781551544252564	8	0.07651301324520132	9	0.05240771230242574	0	0.023614917056256308	6	0.022899766921588013	3	0.019515583664924716	5	0.007448845004585951	7	5.470626327872096E-4	
28	file:/Users/widner/Projects/DLCL/Alduy/Rhetoric_of_LePen/chunks/stripped/2002.sgml_stripped.txt/5	1	0.4109541226157932	5	0.15377160956267422	9	0.11145110871481555	4	0.09817127312837165	8	0.09288417403705244	2	0.06565329669866099	3	0.06523830510686096	0	0.0010202436865202752	7	5.349870941303853E-4	6	3.208793551202859E-4	
29	file:/Users/widner/Projects/DLCL/Alduy/Rhetoric_of_LePen/chunks/stripped/2002.sgml_stripped.txt/6	0	0.22629536939050893	1	0.2145929245124842	2	0.2001024967709398	5	0.18558921255821456	8	0.055878674925358356	3	0.052239872466834314	6	0.03309170235859038	9	0.027727204474228172	7	0.0025937081357789355	4	0.001888834407062303	
30	file:/Users/widner/Projects/DLCL/Alduy/Rhetoric_of_LePen/chunks/stripped/2002.sgml_stripped.txt/7	1	0.510559949614933	0	0.15970018505159497	2	0.15188921917871862	4	0.08637787549832399	5	0.028083776091232176	3	0.027837698615516025	9	0.02583817027621873	8	0.006773910854606737	7	0.0026097405477807267	6	3.294742710749761E-4	
31	file:/Users/widner/Projects/DLCL/Alduy/Rhetoric_of_LePen/chunks/stripped/2002.sgml_stripped.txt/8	1	0.4005322352266572	5	0.15139724684943384	0	0.14086612917940733	8	0.10340076849146779	9	0.09980777191906129	2	0.05699230742394483	4	0.032739406063271456	3	0.013387150540546946	7	5.48187495826757E-4	6	3.287968103825398E-4	
32	file:/Users/widner/Projects/DLCL/Alduy/Rhetoric_of_LePen/chunks/stripped/2002.sgml_stripped.txt/9	0	0.3348361871012897	1	0.2694903938524121	5	0.21970316656913344	2	0.044747194395375986	9	0.044381982257951105	4	0.03898813376723012	8	0.023257299282813296	3	0.021656427954938565	6	0.0023898978246007963	7	5.493169942549069E-4	
33	file:/Users/widner/Projects/DLCL/Alduy/Rhetoric_of_LePen/chunks/stripped/2003.sgml_stripped.txt/0	1	0.5740893917996231	5	0.14692423044433509	8	0.10172740401684223	4	0.06659906301390225	7	0.03492880422588235	0	0.033395076271034274	2	0.01965758518930087	9	0.017276111105990446	3	0.0030559470653992948	6	0.002346386867689948	
34	file:/Users/widner/Projects/DLCL/Alduy/Rhetoric_of_LePen/chunks/stripped/2003.sgml_stripped.txt/1	5	0.43275807367499974	1	0.31911631758172454	4	0.1423104165915037	3	0.04377985675554788	8	0.029079078632218838	0	0.02342266683232459	2	0.005530772475123784	9	0.003134757616864419	7	5.426089684610776E-4	6	3.254508712313724E-4	
35	file:/Users/widner/Projects/DLCL/Alduy/Rhetoric_of_LePen/chunks/stripped/2003.sgml_stripped.txt/2	1	0.24729059801094147	2	0.2324351238946266	4	0.19297759338299647	0	0.1480221144361568	8	0.0908760412176233	9	0.04731989708603529	5	0.03911116392915015	3	0.0010720727349072272	7	5.596958895985713E-4	6	3.35699417964079E-4	
36	file:/Users/widner/Projects/DLCL/Alduy/Rhetoric_of_LePen/chunks/stripped/2003.sgml_stripped.txt/3	1	0.6192709008052626	4	0.19067373940074053	3	0.06465887324821068	8	0.0580453038702207	0	0.03592672330624339	5	0.02181261896290421	9	0.0052124550108086035	6	0.002380089838276213	2	0.0014722329245457479	7	5.470626327872096E-4	
37	file:/Users/widner/Projects/DLCL/Alduy/Rhetoric_of_LePen/chunks/stripped/2003.sgml_stripped.txt/4	1	0.4651406140713148	5	0.39430129566160244	6	0.05729157962391062	4	0.02415784342502885	0	0.020329463807752714	3	0.017627982553556014	8	0.011608988730412438	2	0.007357705743090642	9	0.0014626819861057571	7	7.218443972257612E-4	
38	file:/Users/widner/Projects/DLCL/Alduy/Rhetoric_of_LePen/chunks/stripped/2004.sgml_stripped.txt/0	1	0.6657692789869855	4	0.21218928774121248	0	0.030204673280739242	8	0.023499392794853653	5	0.022130496410936274	9	0.017779644048974513	7	0.017210004919928044	3	0.005226887537703581	2	0.0035755591563736743	6	0.0024147751222929996	
39	file:/Users/widner/Projects/DLCL/Alduy/Rhetoric_of_LePen/chunks/stripped/2004.sgml_stripped.txt/1	1	0.41813042135047246	0	0.26072117016830276	4	0.12051866485350266	2	0.08403379337089793	5	0.07353549988938918	3	0.02699631738125501	7	0.010958636815675217	9	0.003956013217286551	8	7.387692376689692E-4	6	4.1071371554926106E-4	
40	file:/Users/widner/Projects/DLCL/Alduy/Rhetoric_of_LePen/chunks/stripped/2005.sgml_stripped.txt/0	1	0.5365411145532989	4	0.24240803166679073	8	0.13743008729319947	9	0.04051154799392891	7	0.019211882823619377	2	0.011853688395260117	5	0.0075260611771178045	3	0.003131975561856334	0	0.0010540870273225103	6	3.315235076058318E-4	
41	file:/Users/widner/Projects/DLCL/Alduy/Rhetoric_of_LePen/chunks/stripped/2005.sgml_stripped.txt/1	1	0.40018720583077777	4	0.22562525096171043	5	0.12607515331822838	9	0.08761365552619742	2	0.08181494777861527	8	0.051815805643667334	3	0.01753107716380263	0	0.00798004834243687	7	8.481465148304941E-4	6	5.087089197333026E-4	
42	file:/Users/widner/Projects/DLCL/Alduy/Rhetoric_of_LePen/chunks/stripped/2006.sgml_stripped.txt/0	1	0.39282203946487887	4	0.174165671440251	5	0.13911400141404254	0	0.13075932215801966	2	0.04807559283186372	9	0.03758124533293515	8	0.030988202911632064	7	0.030945582244863115	3	0.015224210715622633	6	3.241314858912194E-4	
43	file:/Users/widner/Projects/DLCL/Alduy/Rhetoric_of_LePen/chunks/stripped/2006.sgml_stripped.txt/1	1	0.4910413019935818	4	0.19437881576427096	0	0.14438473902573928	8	0.06406973796183532	5	0.05657996973370236	3	0.03995327791211887	2	0.007612515413731138	9	0.0011062496056780376	7	5.459423766596944E-4	6	3.274502126825218E-4	
44	file:/Users/widner/Projects/DLCL/Alduy/Rhetoric_of_LePen/chunks/stripped/2006.sgml_stripped.txt/10	3	0.45812106795044677	4	0.19305054024873833	9	0.12369755471290837	8	0.08162186120275534	1	0.04112229680670856	0	0.038452105892223615	2	0.03265377550688479	5	0.02416206533827982	6	0.006564850421386834	7	5.538819196675271E-4	
45	file:/Users/widner/Projects/DLCL/Alduy/Rhetoric_of_LePen/chunks/stripped/2006.sgml_stripped.txt/11	9	0.33693983410123357	4	0.1554712663410054	0	0.13619367598926232	8	0.10502505314422014	3	0.10343401644481534	1	0.08967921320621053	7	0.05788338363199844	5	0.013576888792198297	2	0.001469218136373415	6	3.274502126825218E-4	
46	file:/Users/widner/Projects/DLCL/Alduy/Rhetoric_of_LePen/chunks/stripped/2006.sgml_stripped.txt/12	7	0.3172009758753363	9	0.1697181277950569	0	0.15937181161717087	2	0.131015037174999	6	0.0640705918737903	5	0.04858789997296971	3	0.04834232847854475	4	0.04302034075091787	1	0.009856717096093537	8	0.008816169365120788	
47	file:/Users/widner/Projects/DLCL/Alduy/Rhetoric_of_LePen/chunks/stripped/2006.sgml_stripped.txt/13	9	0.30391469079109695	2	0.18314290013761195	5	0.12643934418547623	0	0.1100430895836912	8	0.07931493517571214	6	0.06896294630213824	4	0.06040812952699554	3	0.03736983941002617	7	0.016688844538773277	1	0.013715280348478265	
48	file:/Users/widner/Projects/DLCL/Alduy/Rhetoric_of_LePen/chunks/stripped/2006.sgml_stripped.txt/14	0	0.3785471022828107	2	0.19929351744282214	9	0.18884154249147433	5	0.06789335645408927	6	0.06088763764953314	7	0.04899007914919366	1	0.029865897653688453	3	0.013143913452210883	4	0.011956277611364967	8	5.806758128124618E-4	
49	file:/Users/widner/Projects/DLCL/Alduy/Rhetoric_of_LePen/chunks/stripped/2006.sgml_stripped.txt/15	2	0.38580448903486864	9	0.2357505067707491	0	0.1102656969678938	7	0.08145575885819205	4	0.056484507659052316	6	0.04887334149999966	5	0.031618299399045785	3	0.03137670205897912	1	0.017788847282876632	8	5.818504683428445E-4	
50	file:/Users/widner/Projects/DLCL/Alduy/Rhetoric_of_LePen/chunks/stripped/2006.sgml_stripped.txt/16	3	0.3066545143457685	9	0.18808213185807737	2	0.14420294240347678	8	0.1031244801301821	4	0.07222945493469962	5	0.06560962032359138	0	0.04726859328582298	6	0.04254640550292417	1	0.02974579441816664	7	5.360627972904331E-4	
51	file:/Users/widner/Projects/DLCL/Alduy/Rhetoric_of_LePen/chunks/stripped/2006.sgml_stripped.txt/17	3	0.3544536186417989	2	0.16597870260924694	1	0.09910625640825745	4	0.07702524882594063	8	0.06761145975126298	9	0.05999999289613561	0	0.05993540819520649	5	0.05408915628585582	6	0.03282284833881046	7	0.02897730804748471	
52	file:/Users/widner/Projects/DLCL/Alduy/Rhetoric_of_LePen/chunks/stripped/2006.sgml_stripped.txt/18	2	0.3148906779959388	0	0.19845524495594358	9	0.1700262855951988	3	0.12111983313575163	5	0.09897501771833096	1	0.03621482503308453	7	0.029036284476957195	8	0.01483224087797078	4	0.014088876803271184	6	0.002360713407552524	
53	file:/Users/widner/Projects/DLCL/Alduy/Rhetoric_of_LePen/chunks/stripped/2006.sgml_stripped.txt/19	0	0.34416146015955057	7	0.34367620356716067	2	0.2683273485336087	5	0.02534448760785585	1	0.0076126927264418475	8	0.004590527693114835	9	0.0030907245654375613	4	0.0018509316622578895	3	0.0010247441294517889	6	3.208793551202859E-4	
54	file:/Users/widner/Projects/DLCL/Alduy/Rhetoric_of_LePen/chunks/stripped/2006.sgml_stripped.txt/2	1	0.31622857078795663	6	0.2532397901264843	0	0.16554037242975872	2	0.13923978492511613	5	0.03625077834779401	7	0.03344717849629528	4	0.028627032188212893	9	0.013447920542831417	8	0.012928543240179355	3	0.0010500289153712518	
55	file:/Users/widner/Projects/DLCL/Alduy/Rhetoric_of_LePen/chunks/stripped/2006.sgml_stripped.txt/20	0	0.3060346583292139	7	0.2252824505150625	2	0.20010043999511146	5	0.08554470102417695	6	0.050487723868721204	4	0.05001110239531477	1	0.04172614699569047	9	0.02315746237087793	3	0.009051439251627935	8	0.008603875254202907	
56	file:/Users/widner/Projects/DLCL/Alduy/Rhetoric_of_LePen/chunks/stripped/2006.sgml_stripped.txt/21	0	0.5417350788546715	7	0.14071977305322295	5	0.11341055596270617	1	0.08770365133062019	9	0.045140292116226596	8	0.030615850815087626	4	0.021873775935047902	2	0.015455438162532496	6	0.002322891849494902	3	0.0010226919203895689	
57	file:/Users/widner/Projects/DLCL/Alduy/Rhetoric_of_LePen/chunks/stripped/2006.sgml_stripped.txt/22	0	0.6389758063293249	1	0.10052484836398305	9	0.08184370284445683	5	0.059818047801484184	7	0.042933597659739836	3	0.039388666573177446	8	0.03086308326008157	4	0.0038809689587598725	2	0.001448455453997279	6	3.2282275499491983E-4	
58	file:/Users/widner/Projects/DLCL/Alduy/Rhetoric_of_LePen/chunks/stripped/2006.sgml_stripped.txt/23	0	0.45451735257498116	7	0.1340713598622818	5	0.1119745050785066	1	0.09254163703592373	8	0.06421993830757797	2	0.05899195772796169	4	0.056344646437721024	9	0.02177627288291838	6	0.0038620139634553707	3	0.001700316128672254	
59	file:/Users/widner/Projects/DLCL/Alduy/Rhetoric_of_LePen/chunks/stripped/2006.sgml_stripped.txt/3	6	0.7453819231457535	2	0.08222831214162049	3	0.07787853032680234	4	0.03138423704010168	5	0.02489488440166931	1	0.015361950047217979	0	0.010857524992720023	9	0.0050069721091200205	8	0.004509093181561609	7	0.002496572613433019	
60	file:/Users/widner/Projects/DLCL/Alduy/Rhetoric_of_LePen/chunks/stripped/2006.sgml_stripped.txt/4	6	0.44801775523170123	2	0.13734235021198893	0	0.10894340010678305	5	0.07920679528387072	8	0.07252636273063251	4	0.05380849775317931	1	0.05155261732739206	3	0.04698965526361603	9	0.0010797175032850514	7	5.328485875511079E-4	
61	file:/Users/widner/Projects/DLCL/Alduy/Rhetoric_of_LePen/chunks/stripped/2006.sgml_stripped.txt/5	0	0.7378983373237374	5	0.07798749226984564	2	0.05191913453277913	7	0.04899007914919366	3	0.0353510122468749	1	0.023809416164234633	6	0.010416958570751289	9	0.009165924971010956	4	0.0038809689587598725	8	5.806758128124618E-4	
62	file:/Users/widner/Projects/DLCL/Alduy/Rhetoric_of_LePen/chunks/stripped/2006.sgml_stripped.txt/6	0	0.6950593038183045	4	0.06904096528394227	5	0.06641081713719255	3	0.04785038182819018	9	0.04384000834328744	7	0.029036284476957195	8	0.022973291023255384	1	0.015862199669873015	6	0.006431238480194826	2	0.0034955099388026332	
63	file:/Users/widner/Projects/DLCL/Alduy/Rhetoric_of_LePen/chunks/stripped/2006.sgml_stripped.txt/7	9	0.25696290235142843	8	0.20809975617697846	0	0.1964560467955598	2	0.11024256158630028	5	0.09596320361608394	6	0.08494208022848859	4	0.02200598714252605	7	0.018669980238683197	3	0.005058392778861933	1	0.001599089085089343	
64	file:/Users/widner/Projects/DLCL/Alduy/Rhetoric_of_LePen/chunks/stripped/2006.sgml_stripped.txt/8	8	0.4479191684531449	9	0.22887693521890723	2	0.12253832771608537	4	0.08397141856751919	0	0.06465427122287991	5	0.02386458667123539	1	0.022148297680889276	3	0.003099841998275276	7	0.0025990303411183896	6	3.281221299450325E-4	
65	file:/Users/widner/Projects/DLCL/Alduy/Rhetoric_of_LePen/chunks/stripped/2006.sgml_stripped.txt/9	9	0.34655020442257517	8	0.29668234061922033	0	0.09974239042882167	4	0.07180695787632783	3	0.05656707622866188	5	0.044475526097911146	1	0.0386433342215035	6	0.03322778781085106	2	0.011756194798300612	7	5.48187495826757E-4	
66	file:/Users/widner/Projects/DLCL/Alduy/Rhetoric_of_LePen/chunks/stripped/2007.sgml_stripped.txt/0	1	0.38899495995690964	0	0.16794187926569823	2	0.1601309133928219	4	0.11110295814063383	5	0.10431944757168751	9	0.03201944093679619	8	0.019136452175761657	7	0.010851434761884006	3	0.005173039526732006	6	3.294742710749761E-4	
67	file:/Users/widner/Projects/DLCL/Alduy/Rhetoric_of_LePen/chunks/stripped/2007.sgml_stripped.txt/1	5	0.3574533598311172	1	0.33743368040861493	4	0.09956990332875953	7	0.061600485058095615	0	0.05191634234082071	2	0.03809497305626221	9	0.03366369566168168	6	0.01253702608915828	3	0.0071451311017671605	8	5.854031237227218E-4	
68	file:/Users/widner/Projects/DLCL/Alduy/Rhetoric_of_LePen/chunks/stripped/2007.sgml_stripped.txt/10	2	0.4520342510641418	9	0.10321729016277097	0	0.09514299042779599	6	0.07241582052635878	5	0.07135479875658784	3	0.05709703486188067	7	0.05660825864098629	4	0.03388970656536742	1	0.029626653284075825	8	0.028613195710034373	
69	file:/Users/widner/Projects/DLCL/Alduy/Rhetoric_of_LePen/chunks/stripped/2007.sgml_stripped.txt/11	6	0.2461538533948621	2	0.21728844994935095	3	0.15491688990905478	8	0.1344845900270881	4	0.09777885260872843	5	0.06321757533639831	1	0.05554992231426016	0	0.01300808042194863	9	0.011072979970455305	7	0.006528806067853259	
70	file:/Users/widner/Projects/DLCL/Alduy/Rhetoric_of_LePen/chunks/stripped/2007.sgml_stripped.txt/12	2	0.2907276686992792	5	0.21974902899925464	9	0.12853622000933976	6	0.10551485148715932	3	0.08194947883322881	7	0.08145575885819205	1	0.03801795799257651	0	0.03541798734200426	4	0.01804919731062255	8	5.818504683428445E-4	
71	file:/Users/widner/Projects/DLCL/Alduy/Rhetoric_of_LePen/chunks/stripped/2007.sgml_stripped.txt/13	9	0.3247062383556063	2	0.2090570261072389	8	0.1817237688563052	0	0.10686843082149178	4	0.07514675289290572	6	0.06138332696086591	3	0.029533019001299822	5	0.007388203583879164	1	0.0036506244519461067	7	5.426089684610776E-4	
72	file:/Users/widner/Projects/DLCL/Alduy/Rhetoric_of_LePen/chunks/stripped/2007.sgml_stripped.txt/14	4	0.20333436117918544	2	0.18881819033551936	9	0.10988544341058246	3	0.10781113806630226	0	0.10176234035419322	8	0.09124369290890905	6	0.08292732051697015	5	0.06775656765482581	1	0.04592380273849497	7	5.371428350172578E-4	
73	file:/Users/widner/Projects/DLCL/Alduy/Rhetoric_of_LePen/chunks/stripped/2007.sgml_stripped.txt/15	2	0.4138451685804403	5	0.20349503890259935	7	0.09966866118646339	0	0.08230293780469916	6	0.05583548360451426	3	0.04859977153878481	8	0.04220912979904756	4	0.027605321559469126	9	0.02089916179033383	1	0.0055393252336482035	
74	file:/Users/widner/Projects/DLCL/Alduy/Rhetoric_of_LePen/chunks/stripped/2007.sgml_stripped.txt/16	8	0.22355429874092744	0	0.17129955285892395	1	0.14552663218936268	4	0.11335532538889458	2	0.08050777739258715	6	0.0672155121423833	5	0.06208756308232438	3	0.057791452951572134	9	0.04974331454320644	7	0.028918570709817903	
75	file:/Users/widner/Projects/DLCL/Alduy/Rhetoric_of_LePen/chunks/stripped/2007.sgml_stripped.txt/17	8	0.5081673118266674	5	0.19159823425508565	9	0.14581561058922768	3	0.04463416998961358	6	0.03997307740782933	0	0.028767316890887514	4	0.025622520784883508	1	0.00752212600823382	2	0.0073710097903888815	7	5.286224571825751E-4	
76	file:/Users/widner/Projects/DLCL/Alduy/Rhetoric_of_LePen/chunks/stripped/2007.sgml_stripped.txt/18	8	0.3986986468006192	1	0.12827051664164568	2	0.12007443900180845	4	0.10641150142039643	3	0.09553010958117054	9	0.07146103208334709	5	0.047513242772340133	0	0.031182924351377424	7	5.360627972904331E-4	6	3.215245500045814E-4	
77	file:/Users/widner/Projects/DLCL/Alduy/Rhetoric_of_LePen/chunks/stripped/2007.sgml_stripped.txt/19	1	0.21028674456138954	4	0.1944916145944854	8	0.16311775635609374	3	0.11339847583991784	2	0.10177342474845365	9	0.07332430688447886	6	0.05851441899089735	5	0.05343792053547237	0	0.029113676614136788	7	0.002541660874674422	
78	file:/Users/widner/Projects/DLCL/Alduy/Rhetoric_of_LePen/chunks/stripped/2007.sgml_stripped.txt/2	1	0.34769769885523494	5	0.3371238787330384	4	0.16980562665484006	0	0.10957272112071219	2	0.019899109968446585	7	0.01283253693137514	9	0.0011062496056780376	3	0.0010457284888532872	8	5.889994291388443E-4	6	3.274502126825218E-4	
79	file:/Users/widner/Projects/DLCL/Alduy/Rhetoric_of_LePen/chunks/stripped/2007.sgml_stripped.txt/20	0	0.44830101073536455	5	0.3276605704407043	2	0.08203592562504215	9	0.07764928802628746	4	0.04215358425771042	1	0.015702407065718408	7	0.0025519025465356956	6	0.0023369320562326326	3	0.0010288733558250578	8	5.79505890579354E-4	
80	file:/Users/widner/Projects/DLCL/Alduy/Rhetoric_of_LePen/chunks/stripped/2007.sgml_stripped.txt/21	5	0.5199495422885166	0	0.24934743351689653	9	0.0491456023263331	7	0.04459232801066677	8	0.04263178144540715	2	0.04148995452822479	3	0.025054553181028612	4	0.017868465724941395	6	0.0063282020596014095	1	0.0035921369183835295	
81	file:/Users/widner/Projects/DLCL/Alduy/Rhetoric_of_LePen/chunks/stripped/2007.sgml_stripped.txt/22	6	0.49795959925533695	7	0.1563034684840816	2	0.12484896087974022	0	0.06576165340655407	8	0.0410400718877426	1	0.033972135850636534	4	0.026140841594502504	3	0.02328505777509917	5	0.015435010831285886	9	0.015253200035020457	
82	file:/Users/widner/Projects/DLCL/Alduy/Rhetoric_of_LePen/chunks/stripped/2007.sgml_stripped.txt/23	6	0.5365921165644586	9	0.21478775637002226	4	0.10472689919147138	7	0.04406287160212299	0	0.028710389907540188	8	0.024315709619908057	5	0.023014535177132298	1	0.015422748868174232	3	0.004968303342185985	2	0.00339866935698406	
83	file:/Users/widner/Projects/DLCL/Alduy/Rhetoric_of_LePen/chunks/stripped/2007.sgml_stripped.txt/24	3	0.2544842895033562	9	0.19685332521886179	1	0.14792540419438868	0	0.12673340819518183	4	0.10492168748005637	6	0.04977963955569466	7	0.043818211618297125	8	0.03974068771101986	5	0.023962928984180534	2	0.011780417538962869	
84	file:/Users/widner/Projects/DLCL/Alduy/Rhetoric_of_LePen/chunks/stripped/2007.sgml_stripped.txt/25	4	0.1824658685674158	1	0.18220177893072131	0	0.17956446288942599	9	0.13038248521901058	8	0.12165630282848729	3	0.12006200137315254	7	0.02927461054942373	2	0.02814781313285109	5	0.02591655437956657	6	3.281221299450325E-4	
85	file:/Users/widner/Projects/DLCL/Alduy/Rhetoric_of_LePen/chunks/stripped/2007.sgml_stripped.txt/26	0	0.23070696189137324	9	0.18040203331372778	2	0.1545672752397059	3	0.13400301431604197	1	0.12852895091075092	5	0.10200748275063926	4	0.03409454541163667	6	0.018455009748380134	7	0.014640460815646322	8	0.0025942656020977914	
86	file:/Users/widner/Projects/DLCL/Alduy/Rhetoric_of_LePen/chunks/stripped/2007.sgml_stripped.txt/27	2	0.382833508391815	5	0.20930518568275097	6	0.09006029882156345	4	0.06510294178972889	7	0.06376552718300109	9	0.05004765607168428	1	0.048525161694677535	3	0.04794796853223655	0	0.039785741552154655	8	0.00262601028038754	
87	file:/Users/widner/Projects/DLCL/Alduy/Rhetoric_of_LePen/chunks/stripped/2007.sgml_stripped.txt/28	9	0.41596806053618796	1	0.12724708936544352	8	0.1262376748098279	6	0.10204691754141905	4	0.09359448477150009	0	0.04689145309068705	5	0.03716082135349943	7	0.03244643932563468	3	0.01099194131089442	2	0.0074151178949058705	
88	file:/Users/widner/Projects/DLCL/Alduy/Rhetoric_of_LePen/chunks/stripped/2007.sgml_stripped.txt/29	9	0.302085117866499	0	0.2799478991821414	2	0.12986685767607017	4	0.1222513584949001	8	0.05676404598725979	5	0.049424572974384295	6	0.03644100740491295	3	0.017078134373804083	1	0.0056060189458978105	7	5.349870941303853E-4	
89	file:/Users/widner/Projects/DLCL/Alduy/Rhetoric_of_LePen/chunks/stripped/2007.sgml_stripped.txt/3	1	0.5238055541394897	4	0.18004445545043626	0	0.06861740593832737	3	0.06452646702154977	7	0.05993114939111769	9	0.0543481593427783	5	0.0238157175877945	8	0.016971125502092774	2	0.007612515413731138	6	3.274502126825218E-4	
90	file:/Users/widner/Projects/DLCL/Alduy/Rhetoric_of_LePen/chunks/stripped/2007.sgml_stripped.txt/30	0	0.5290082886586812	5	0.159061696870155	2	0.08843656160228044	1	0.07847617941197627	4	0.04839286337517237	8	0.04710880510065256	3	0.045537079555769036	6	0.002346386867689948	9	0.001092822538230544	7	5.39316019392555E-4	
91	file:/Users/widner/Projects/DLCL/Alduy/Rhetoric_of_LePen/chunks/stripped/2007.sgml_stripped.txt/31	5	0.3217562416535074	2	0.2821162774300269	0	0.1761932865804401	7	0.1438607727305522	1	0.033431110541601125	4	0.02174314388076971	3	0.010970059707428375	6	0.008281104575593288	9	0.0010754187266460579	8	5.725841734348166E-4	
92	file:/Users/widner/Projects/DLCL/Alduy/Rhetoric_of_LePen/chunks/stripped/2007.sgml_stripped.txt/32	1	0.23934073504426498	4	0.1650539266603351	5	0.13827315755797115	0	0.1380280151615251	9	0.13003304052576684	3	0.08564878123959944	7	0.03680281764234914	2	0.035696452260118076	8	0.03080090156335592	6	3.221723447141947E-4	
93	file:/Users/widner/Projects/DLCL/Alduy/Rhetoric_of_LePen/chunks/stripped/2007.sgml_stripped.txt/33	2	0.2861030854583269	0	0.2614551268200368	9	0.18884154249147433	5	0.10826989971711475	7	0.07523483227016022	1	0.03794120630629355	4	0.030125722079726434	8	0.006637157302266284	3	0.005068604799605788	6	3.2282275499491983E-4	
94	file:/Users/widner/Projects/DLCL/Alduy/Rhetoric_of_LePen/chunks/stripped/2007.sgml_stripped.txt/34	0	0.6598507804448005	9	0.17234299446765403	5	0.08991892448152862	2	0.047785010529228705	4	0.015961708007970737	1	0.005628608508126218	7	0.004566662258054133	3	0.003043633067343496	8	5.79505890579354E-4	6	3.221723447141947E-4	
95	file:/Users/widner/Projects/DLCL/Alduy/Rhetoric_of_LePen/chunks/stripped/2007.sgml_stripped.txt/35	9	0.4486482243810147	5	0.19134068892446646	0	0.1808741348298707	4	0.09997686165079318	2	0.05255574026898645	3	0.01330507736172496	1	0.011839869081182466	8	5.877957611058963E-4	7	5.448266992004178E-4	6	3.26781041654692E-4	
96	file:/Users/widner/Projects/DLCL/Alduy/Rhetoric_of_LePen/chunks/stripped/2007.sgml_stripped.txt/36	9	0.4575170865100404	5	0.1279415874445679	4	0.10037937556997935	0	0.09753630870596534	2	0.07583884943208316	6	0.0706963261382039	3	0.025155307992971235	1	0.023713668567749552	8	0.016664009607537233	7	0.004557480030901822	
97	file:/Users/widner/Projects/DLCL/Alduy/Rhetoric_of_LePen/chunks/stripped/2007.sgml_stripped.txt/37	6	0.4041299435968275	2	0.20744396650432986	9	0.17241245273737157	0	0.08873166021842957	4	0.07937883473405909	3	0.01939618264357618	5	0.013521511017651297	8	0.010783663391433359	1	0.003658069583925526	7	5.437155723959895E-4	
98	file:/Users/widner/Projects/DLCL/Alduy/Rhetoric_of_LePen/chunks/stripped/2007.sgml_stripped.txt/38	6	0.4153626729175124	5	0.12416983957734207	4	0.11065541444933731	2	0.1062130421632634	9	0.09175260600691651	0	0.05139334756623229	1	0.0418942833154581	8	0.040874700120948106	3	0.01714695104797256	7	5.371428350172578E-4	
99	file:/Users/widner/Projects/DLCL/Alduy/Rhetoric_of_LePen/chunks/stripped/2007.sgml_stripped.txt/39	6	0.5314011536677374	1	0.10904042455854883	9	0.10447262598942723	5	0.07222262075755045	4	0.0626800370127642	3	0.03549432606607478	0	0.03346276847584938	2	0.031859500551502	7	0.014729489964501399	8	0.004637052956044276	
100	file:/Users/widner/Projects/DLCL/Alduy/Rhetoric_of_LePen/chunks/stripped/2007.sgml_stripped.txt/4	1	0.46864429691353726	2	0.22375927272642152	4	0.11812768701152673	0	0.11524403282932849	6	0.02479907393319688	3	0.017356769365814723	9	0.011298803794216637	8	0.008744250113671904	5	0.007403271184366932	7	0.004622542127918899	
101	file:/Users/widner/Projects/DLCL/Alduy/Rhetoric_of_LePen/chunks/stripped/2007.sgml_stripped.txt/40	6	0.5413685024795364	2	0.1871805544639145	3	0.059576938204690184	4	0.058389302363844264	5	0.04972391198572781	1	0.029865897653688453	7	0.024764153191378372	0	0.023233521568186432	9	0.015222406460464778	8	0.010674811628568832	
102	file:/Users/widner/Projects/DLCL/Alduy/Rhetoric_of_LePen/chunks/stripped/2007.sgml_stripped.txt/41	5	0.328986226831634	0	0.2093883394454232	9	0.13460495322224975	4	0.10301146229136204	6	0.10146902934521936	2	0.03988669589900074	3	0.03137670205897912	7	0.028860071012972385	1	0.021834669424816606	8	5.818504683428445E-4	
103	file:/Users/widner/Projects/DLCL/Alduy/Rhetoric_of_LePen/chunks/stripped/2007.sgml_stripped.txt/42	5	0.4266792437166632	2	0.20612046133674355	0	0.205700969302012	4	0.0520177761758588	9	0.03921085261523022	1	0.027679430531882213	7	0.018595051119026717	8	0.014623896595835018	3	0.009051439251627935	6	3.208793551202859E-4	
104	file:/Users/widner/Projects/DLCL/Alduy/Rhetoric_of_LePen/chunks/stripped/2007.sgml_stripped.txt/43	5	0.4537787800808301	0	0.11359257008897444	9	0.09312145327838703	4	0.07169826710844947	2	0.06993240359660069	1	0.0656474446397717	8	0.0502502796434346	6	0.04859754204403985	7	0.03263284935867855	3	7.484101608336609E-4	
105	file:/Users/widner/Projects/DLCL/Alduy/Rhetoric_of_LePen/chunks/stripped/2007.sgml_stripped.txt/5	2	0.5414011398512459	0	0.2790611949678158	1	0.0580123610076056	5	0.039549931693567686	9	0.03936885350743712	4	0.02200598714252605	8	0.010653304448171542	3	0.005058392778861933	6	0.004351691767751071	7	5.371428350172578E-4	
106	file:/Users/widner/Projects/DLCL/Alduy/Rhetoric_of_LePen/chunks/stripped/2007.sgml_stripped.txt/6	0	0.2649578769871867	2	0.2452314622580356	9	0.23681530523624403	4	0.08244877848807919	5	0.08185988563545488	3	0.055427385566822876	1	0.015702407065718408	8	0.008638544736653105	6	0.008381211190787946	7	5.371428350172578E-4	
107	file:/Users/widner/Projects/DLCL/Alduy/Rhetoric_of_LePen/chunks/stripped/2007.sgml_stripped.txt/7	2	0.2618771595005116	5	0.25160662830085523	0	0.23924802802537273	6	0.1032830080757099	3	0.065633419694144	7	0.02880180751768092	4	0.02608806775342389	8	0.018750120281173926	9	0.0031094434815571344	1	0.0016023173695706202	
108	file:/Users/widner/Projects/DLCL/Alduy/Rhetoric_of_LePen/chunks/stripped/2007.sgml_stripped.txt/8	0	0.4003518563190332	2	0.19402042335511915	8	0.1870680911101136	5	0.10262779378322867	1	0.07863525153287061	4	0.024166817846905136	3	0.009143176110486989	6	0.002351143020936434	9	0.0010950377021212946	7	5.404092191848984E-4	
109	file:/Users/widner/Projects/DLCL/Alduy/Rhetoric_of_LePen/chunks/stripped/2007.sgml_stripped.txt/9	0	0.237709094439003	3	0.217484520588218	9	0.1689944414287395	5	0.13883258616045513	6	0.09742320720327938	2	0.04797834018288069	4	0.04030121909129241	1	0.02588049156675658	7	0.014699693516182468	8	0.010696405823192782	
110	file:/Users/widner/Projects/DLCL/Alduy/Rhetoric_of_LePen/chunks/stripped/2008.sgml_stripped.txt/0	1	0.48678338326412457	8	0.17682162456379583	4	0.0993545542104145	0	0.08191040037223082	2	0.05331846446957208	3	0.04666999043988389	5	0.026185210410558185	9	0.023925637564204134	7	0.002625972393894594	6	0.00240476231132143	
111	file:/Users/widner/Projects/DLCL/Alduy/Rhetoric_of_LePen/chunks/stripped/2008.sgml_stripped.txt/1	1	0.5482439919220313	4	0.17299388524756273	8	0.10491078174467347	2	0.07034188145376578	9	0.04076509532633207	3	0.028186151072838304	0	0.017750399910676146	5	0.015918021974487915	7	5.561929526141342E-4	6	3.335983950180578E-4	
112	file:/Users/widner/Projects/DLCL/Alduy/Rhetoric_of_LePen/chunks/stripped/2008.sgml_stripped.txt/2	8	0.3785567607064248	1	0.3082123288944345	4	0.13703159469817855	0	0.12188088926827932	6	0.03144091833849675	3	0.008617742090231044	9	0.005286737283264532	7	0.004347554440087639	2	0.0024626925998862425	5	0.0021627816807165126	
113	file:/Users/widner/Projects/DLCL/Alduy/Rhetoric_of_LePen/chunks/stripped/2009.sgml_stripped.txt/0	1	0.3758579919763058	4	0.2671447169416097	5	0.18635242478743164	7	0.06017760868417595	6	0.03939634862343891	9	0.025785042168007113	0	0.019551099865179652	2	0.015868568673359177	8	0.008816169365120788	3	0.0010500289153712518	
114	file:/Users/widner/Projects/DLCL/Alduy/Rhetoric_of_LePen/chunks/stripped/2009.sgml_stripped.txt/1	5	0.30409613454278833	2	0.2800466039688731	1	0.16714614474797507	7	0.10955489404373188	4	0.05435164803754172	0	0.027271175894488978	3	0.021219222104815978	8	0.0207689474443252	9	0.015222406460464778	6	3.2282275499491983E-4	
115	file:/Users/widner/Projects/DLCL/Alduy/Rhetoric_of_LePen/chunks/stripped/2009.sgml_stripped.txt/2	8	0.2886901446377159	1	0.21113409908300684	5	0.1624502740961924	9	0.12398876139121152	4	0.11267017416085576	0	0.0574376267007876	3	0.015132191336454121	7	0.012625701104127883	6	0.010395970902306383	2	0.005475056587341512	
116	file:/Users/widner/Projects/DLCL/Alduy/Rhetoric_of_LePen/chunks/stripped/2009.sgml_stripped.txt/3	6	0.2368980548203882	2	0.19520748683776115	8	0.12703022022383628	0	0.09281048677395248	4	0.083457661289582	5	0.08082214918377931	1	0.072998121027815	3	0.06630268803208965	9	0.04189000296063846	7	0.0025831288501574445	
117	file:/Users/widner/Projects/DLCL/Alduy/Rhetoric_of_LePen/chunks/stripped/2009.sgml_stripped.txt/4	5	0.3090557021797312	2	0.22818117656848175	4	0.14211618022385478	8	0.07974909289328969	3	0.06034293007671471	7	0.04729848544407178	1	0.04644690057665252	9	0.04599048497798438	0	0.03692968675204601	6	0.003889360307173245	
118	file:/Users/widner/Projects/DLCL/Alduy/Rhetoric_of_LePen/chunks/stripped/2010.sgml_stripped.txt/0	4	0.33028266211324897	9	0.29747483535293656	1	0.1898390616883361	0	0.05308723322167767	3	0.05108906954672091	7	0.04258967290561352	8	0.016597265079714853	2	0.009447472847372735	5	0.00927249049993699	6	3.202367444416481E-4	
119	file:/Users/widner/Projects/DLCL/Alduy/Rhetoric_of_LePen/chunks/stripped/2010.sgml_stripped.txt/1	9	0.4350735916275065	3	0.12821808163015955	0	0.10191681741421295	8	0.08171071334678275	4	0.06557079772142657	5	0.06054756083364911	6	0.052943111329523035	1	0.03680105585663594	7	0.03564602524052764	2	0.001572244999575911	
120	file:/Users/widner/Projects/DLCL/Alduy/Rhetoric_of_LePen/chunks/stripped/2011.sgml_stripped.txt/0	4	0.2914778156212504	1	0.23207235669320847	2	0.22171985944866007	5	0.16647750684976043	0	0.04998280794096193	9	0.015377630349739546	3	0.011238529532530359	7	0.010740781961203264	8	5.86597002626085E-4	6	3.261146000594207E-4	
121	file:/Users/widner/Projects/DLCL/Alduy/Rhetoric_of_LePen/chunks/stripped/2011.sgml_stripped.txt/1	5	0.24193579812693428	4	0.23029541728840675	2	0.2196804461708986	1	0.14233817247170447	7	0.05968670062747818	9	0.04392941623839991	3	0.03163266231014491	0	0.019391608774540103	8	0.008744250113671904	6	0.002365527877820876	
122	file:/Users/widner/Projects/DLCL/Alduy/Rhetoric_of_LePen/chunks/stripped/2011.sgml_stripped.txt/10	2	0.3826027476743566	4	0.23060307364238064	1	0.16893376914265162	8	0.10434841955531911	3	0.09635209188244112	5	0.007685397827088928	9	0.007495118846795722	0	0.0010764034411489402	7	5.644356899245312E-4	6	3.385422978927344E-4	
123	file:/Users/widner/Projects/DLCL/Alduy/Rhetoric_of_LePen/chunks/stripped/2011.sgml_stripped.txt/11	2	0.5698672881322826	4	0.19067373940074053	5	0.11415116583780731	1	0.04882387788919462	3	0.04413919616489888	7	0.01901477200776783	8	0.010850046578603563	9	0.001108519594146243	0	0.0010432722646133274	6	3.281221299450325E-4	
124	file:/Users/widner/Projects/DLCL/Alduy/Rhetoric_of_LePen/chunks/stripped/2011.sgml_stripped.txt/12	2	0.3453014344347771	1	0.26859645805031096	4	0.2581951909242499	8	0.03691279238036575	3	0.0309833833469121	0	0.02884338049504246	9	0.022505632467975288	5	0.007751037707126488	7	5.692564541593994E-4	6	3.414337390804623E-4	
125	file:/Users/widner/Projects/DLCL/Alduy/Rhetoric_of_LePen/chunks/stripped/2011.sgml_stripped.txt/13	2	0.6636420833007839	1	0.1199864244369079	9	0.081351002006655	7	0.048695157827187266	5	0.03738453029112007	0	0.025100329053048716	3	0.009051439251627935	4	0.00787095300389	6	0.004334226916208359	8	0.0025838539125707977	
126	file:/Users/widner/Projects/DLCL/Alduy/Rhetoric_of_LePen/chunks/stripped/2011.sgml_stripped.txt/14	2	0.4085127546667117	4	0.31734299471512273	1	0.15426005213971128	9	0.04384000834328744	3	0.03156828153762097	7	0.01885997179535144	5	0.01756451626548492	0	0.0071405665417553785	8	5.854031237227218E-4	6	3.254508712313724E-4	
127	file:/Users/widner/Projects/DLCL/Alduy/Rhetoric_of_LePen/chunks/stripped/2011.sgml_stripped.txt/15	2	0.5832066380838004	4	0.1863277406505223	5	0.07019560922250523	3	0.06387248755670778	1	0.062419159252508905	9	0.011230095377347368	7	0.01067546689441097	6	0.0064051660910268635	0	0.005084606985216372	8	5.83029885953847E-4	
128	file:/Users/widner/Projects/DLCL/Alduy/Rhetoric_of_LePen/chunks/stripped/2011.sgml_stripped.txt/16	4	0.31187194839886495	2	0.2747446046704579	1	0.17496878491588774	5	0.1399651342388615	8	0.04749310239113955	0	0.039785741552154655	7	0.006661955405680354	6	0.002365527877820876	9	0.0011017374054093612	3	0.0010414631437230856	
129	file:/Users/widner/Projects/DLCL/Alduy/Rhetoric_of_LePen/chunks/stripped/2011.sgml_stripped.txt/17	2	0.3912563894752145	4	0.2859460465448183	5	0.2148499415486776	1	0.06798914491357375	9	0.02185239876048854	7	0.008845688805041387	3	0.005205214365571932	0	0.0031273258310381084	8	5.963262479699863E-4	6	3.315235076058318E-4	
130	file:/Users/widner/Projects/DLCL/Alduy/Rhetoric_of_LePen/chunks/stripped/2011.sgml_stripped.txt/18	4	0.39913773449850276	1	0.24207548679255503	5	0.1016649098889518	2	0.07676066405975429	0	0.06378017729267459	3	0.051241410771993595	8	0.02359764732125283	9	0.017853983438116536	6	0.012877750941727314	7	0.011010234994471246	
131	file:/Users/widner/Projects/DLCL/Alduy/Rhetoric_of_LePen/chunks/stripped/2011.sgml_stripped.txt/19	4	0.36229560801204874	1	0.34360216733699644	2	0.13457399247912408	5	0.05248443821546388	7	0.045596789077283	8	0.037448783093285185	3	0.015380088802687973	0	0.005136667405630895	9	0.003154015364797279	6	3.274502126825218E-4	
132	file:/Users/widner/Projects/DLCL/Alduy/Rhetoric_of_LePen/chunks/stripped/2011.sgml_stripped.txt/2	2	0.48185606133153963	4	0.1883547521855675	5	0.16546515136963033	1	0.15566168986458875	9	0.003122049237166509	3	0.0030621415053513467	0	0.0010305839151259436	8	5.83029885953847E-4	7	5.404092191848984E-4	6	3.241314858912194E-4	
133	file:/Users/widner/Projects/DLCL/Alduy/Rhetoric_of_LePen/chunks/stripped/2011.sgml_stripped.txt/20	5	0.5099762246376499	1	0.13631335110886844	2	0.1341493993194483	4	0.10641150142039643	9	0.05336465453209582	0	0.04726859328582298	7	0.010589605881318905	3	0.0010268045913028987	8	5.783406730916764E-4	6	3.215245500045814E-4	
134	file:/Users/widner/Projects/DLCL/Alduy/Rhetoric_of_LePen/chunks/stripped/2011.sgml_stripped.txt/21	4	0.4553775737754628	5	0.2598408731293211	1	0.14526636018076006	2	0.12048636000775419	0	0.007199175389606867	9	0.0052124550108086035	7	0.004650998049449569	3	0.0010478742899440961	8	5.902080369476628E-4	6	3.281221299450325E-4	
135	file:/Users/widner/Projects/DLCL/Alduy/Rhetoric_of_LePen/chunks/stripped/2011.sgml_stripped.txt/22	2	0.47172100365631353	1	0.17998582828513132	5	0.13505997834395211	4	0.10524727924871372	9	0.0862295221740203	0	0.01319265312539723	3	0.007116164575441775	8	5.83029885953847E-4	7	5.404092191848984E-4	6	3.241314858912194E-4	
136	file:/Users/widner/Projects/DLCL/Alduy/Rhetoric_of_LePen/chunks/stripped/2011.sgml_stripped.txt/23	3	0.37655796491455007	2	0.3215791954242098	0	0.13442117330614003	9	0.07497935709406874	4	0.0408800966925644	5	0.02796852208789775	1	0.018044362264226916	8	0.0026421757452788426	7	0.0025990303411183896	6	3.281221299450325E-4	
137	file:/Users/widner/Projects/DLCL/Alduy/Rhetoric_of_LePen/chunks/stripped/2011.sgml_stripped.txt/24	3	0.5537224614170774	2	0.15034039472700914	4	0.09161531440062781	9	0.09083592162691338	1	0.06280105463900772	7	0.02093784835001054	5	0.015560924295412752	0	0.013273368941255739	8	5.86597002626085E-4	6	3.261146000594207E-4	
138	file:/Users/widner/Projects/DLCL/Alduy/Rhetoric_of_LePen/chunks/stripped/2011.sgml_stripped.txt/25	3	0.3926834201246504	9	0.22518043142819727	5	0.12643934418547623	4	0.10482232711632358	1	0.04803534212204993	2	0.029712035738115115	0	0.027271175894488978	6	0.022529921549658934	8	0.0207689474443252	7	0.0025570543967143567	
139	file:/Users/widner/Projects/DLCL/Alduy/Rhetoric_of_LePen/chunks/stripped/2011.sgml_stripped.txt/26	4	0.26366700956375466	5	0.19113133491617756	0	0.11294070509365116	9	0.10500964716185568	3	0.09895462009290135	2	0.09137334286300576	6	0.08226434893326996	7	0.046501855936534275	1	0.007582262471842947	8	5.748729670066894E-4	
140	file:/Users/widner/Projects/DLCL/Alduy/Rhetoric_of_LePen/chunks/stripped/2011.sgml_stripped.txt/27	8	0.31659323511994936	6	0.16243357108810824	2	0.10612258604943593	0	0.09748575455617879	9	0.09549903417738052	5	0.09157952104616432	1	0.06729158726417524	4	0.03267222585923968	3	0.027723454498249436	7	0.0025990303411183896	
141	file:/Users/widner/Projects/DLCL/Alduy/Rhetoric_of_LePen/chunks/stripped/2011.sgml_stripped.txt/28	9	0.31073535748322473	0	0.2503501635831981	2	0.16632073718833942	8	0.1473600696999074	4	0.06820803770108824	5	0.04952395138914583	1	0.0056172910164983035	3	0.0010268045913028987	7	5.360627972904331E-4	6	3.215245500045814E-4	
142	file:/Users/widner/Projects/DLCL/Alduy/Rhetoric_of_LePen/chunks/stripped/2011.sgml_stripped.txt/29	2	0.2751550164671411	3	0.2747262588485997	9	0.23539599554319512	4	0.13252637506986406	0	0.048738579512781266	6	0.014844195133615016	8	0.008889281462832377	1	0.005791980802105814	5	0.0033795835696866085	7	5.52733590178996E-4	
143	file:/Users/widner/Projects/DLCL/Alduy/Rhetoric_of_LePen/chunks/stripped/2011.sgml_stripped.txt/3	4	0.3838892905395823	1	0.21070956993067916	5	0.20635922349999003	2	0.08790310113291733	3	0.061348063095473734	0	0.03319363296818312	9	0.011139773579176239	7	0.002546771414096128	6	0.002332233166810276	8	5.783406730916764E-4	
144	file:/Users/widner/Projects/DLCL/Alduy/Rhetoric_of_LePen/chunks/stripped/2011.sgml_stripped.txt/30	7	0.23555663985394631	9	0.22794147811394902	4	0.20828665380037173	0	0.10934880039146977	2	0.095470940932027	1	0.07927804155167477	3	0.03169730621731377	5	0.009461981352532673	8	0.0026313767450602083	6	3.26781041654692E-4	
145	file:/Users/widner/Projects/DLCL/Alduy/Rhetoric_of_LePen/chunks/stripped/2011.sgml_stripped.txt/31	9	0.4290892932615994	3	0.17305805225486956	4	0.1472802033045284	2	0.11204856912881243	0	0.0501875141062542	8	0.04973537764800063	1	0.026198474673514053	5	0.011529123033079056	7	5.459423766596944E-4	6	3.274502126825218E-4	
146	file:/Users/widner/Projects/DLCL/Alduy/Rhetoric_of_LePen/chunks/stripped/2011.sgml_stripped.txt/32	2	0.3564626464658399	7	0.2283154782575482	3	0.14263364616479554	4	0.10449109565083099	1	0.05292781330585698	9	0.04419984146910102	8	0.039577594495240086	0	0.021562949347925128	5	0.00950081271291713	6	3.281221299450325E-4	
147	file:/Users/widner/Projects/DLCL/Alduy/Rhetoric_of_LePen/chunks/stripped/2011.sgml_stripped.txt/33	2	0.4581209824199642	3	0.26315974565611616	4	0.10837265388126284	0	0.06042634290185041	8	0.037448783093285185	7	0.03331019452256755	5	0.0238157175877945	1	0.009816348600560125	9	0.00520178112391652	6	3.274502126825218E-4	
148	file:/Users/widner/Projects/DLCL/Alduy/Rhetoric_of_LePen/chunks/stripped/2011.sgml_stripped.txt/34	5	0.4005984894348752	2	0.22442559638079737	0	0.1794075989991048	4	0.05862601394267378	1	0.054311113112328044	9	0.04366227993807079	3	0.025359268390848705	6	0.0064051660910268635	8	0.004637052956044276	7	0.0025674207542301128	
149	file:/Users/widner/Projects/DLCL/Alduy/Rhetoric_of_LePen/chunks/stripped/2011.sgml_stripped.txt/35	9	0.3212154820938103	3	0.26369974095633514	4	0.15784225606744165	2	0.11227848917442947	1	0.10217503830580531	5	0.02181261896290421	0	0.015407046222931587	7	0.004650998049449569	8	5.902080369476628E-4	6	3.281221299450325E-4	
150	file:/Users/widner/Projects/DLCL/Alduy/Rhetoric_of_LePen/chunks/stripped/2011.sgml_stripped.txt/36	9	0.3975833924483481	3	0.15882009953008835	0	0.15476974052923353	2	0.14710098266041008	4	0.11312601764621198	1	0.01172011406996667	8	0.008673494752222795	5	0.007343366547405936	7	5.39316019392555E-4	6	3.2347579671996007E-4	
151	file:/Users/widner/Projects/DLCL/Alduy/Rhetoric_of_LePen/chunks/stripped/2011.sgml_stripped.txt/37	9	0.3308120259645697	3	0.2391650602423784	4	0.2094740802901017	2	0.11136442436382364	5	0.056234504455586795	8	0.03518486624118229	1	0.007721149524588409	7	0.006648396577424531	6	0.002360713407552524	0	0.0010347789327919256	
152	file:/Users/widner/Projects/DLCL/Alduy/Rhetoric_of_LePen/chunks/stripped/2011.sgml_stripped.txt/38	9	0.4447805710456443	8	0.14247920000082429	3	0.12893440749441212	2	0.12535043525138462	4	0.055807150246613355	5	0.03923374541518971	0	0.028997300369421036	1	0.01957417743244725	6	0.008314206676210082	7	0.006528806067853259	
153	file:/Users/widner/Projects/DLCL/Alduy/Rhetoric_of_LePen/chunks/stripped/2011.sgml_stripped.txt/39	8	0.21127792708915064	4	0.1623848341057808	9	0.14957791054515224	5	0.12969152419614577	1	0.10393303419255562	2	0.06765997047920502	3	0.067244978887405	0	0.051187088200121196	6	0.032427659843824876	7	0.02461507246065883	
154	file:/Users/widner/Projects/DLCL/Alduy/Rhetoric_of_LePen/chunks/stripped/2011.sgml_stripped.txt/4	5	0.24243021352332428	4	0.2389403685596864	2	0.23443444784092024	1	0.16102128090984724	9	0.10532661907669029	0	0.0133004941456171	8	0.0026313767450602083	3	0.0010435914579990872	7	5.448266992004178E-4	6	3.26781041654692E-4	
155	file:/Users/widner/Projects/DLCL/Alduy/Rhetoric_of_LePen/chunks/stripped/2011.sgml_stripped.txt/40	4	0.18733862962108916	3	0.1761881944693751	5	0.1743738483915654	2	0.14158710141108952	9	0.10619468886372571	8	0.06652619390685552	7	0.06442244715355533	6	0.035356674681013917	1	0.03460210875046861	0	0.013410112751261746	
156	file:/Users/widner/Projects/DLCL/Alduy/Rhetoric_of_LePen/chunks/stripped/2011.sgml_stripped.txt/41	2	0.2967964019121892	3	0.16084301060105835	7	0.15225764634214162	9	0.10021546501575994	0	0.09205949732916391	4	0.08480526265263215	5	0.05993905439262562	1	0.02790340263772657	6	0.020552586506419834	8	0.00462767261028282	
157	file:/Users/widner/Projects/DLCL/Alduy/Rhetoric_of_LePen/chunks/stripped/2011.sgml_stripped.txt/42	4	0.2241771774551224	3	0.19886455108658424	1	0.16477171852708045	9	0.11938770751557376	2	0.11363095572730295	0	0.06425870088529212	7	0.043371394405386544	5	0.04207329690631167	6	0.02887790048871979	8	5.86597002626085E-4	
158	file:/Users/widner/Projects/DLCL/Alduy/Rhetoric_of_LePen/chunks/stripped/2011.sgml_stripped.txt/43	7	0.4971582353052625	4	0.202543832930884	9	0.12879676440996982	1	0.09687835534827755	3	0.03144030299598435	5	0.017493309311329665	6	0.01451321223120772	2	0.009562373666004641	0	0.0010305839151259436	8	5.83029885953847E-4	
159	file:/Users/widner/Projects/DLCL/Alduy/Rhetoric_of_LePen/chunks/stripped/2011.sgml_stripped.txt/44	7	0.7845571681764337	4	0.1420213658262803	1	0.05442142597052391	3	0.007130618421233622	0	0.0071260631324304834	2	0.0014572814521370716	5	0.0012798112230798125	9	0.001097261864577759	8	5.842140946626642E-4	6	3.247898386406094E-4	
160	file:/Users/widner/Projects/DLCL/Alduy/Rhetoric_of_LePen/chunks/stripped/2011.sgml_stripped.txt/45	7	0.7068841578456313	4	0.1944916145944854	5	0.06547796321873658	2	0.01548645218506007	3	0.011058113032171971	8	0.0025838539125707977	1	0.0015926713848097372	9	0.0010840507848935246	0	0.0010202436865202752	6	3.208793551202859E-4	
161	file:/Users/widner/Projects/DLCL/Alduy/Rhetoric_of_LePen/chunks/stripped/2011.sgml_stripped.txt/46	9	0.38235206908826047	4	0.33094543167147994	3	0.12142517096209399	7	0.09685532856024415	1	0.025672756751338177	6	0.024400964721648728	0	0.009046938808696421	2	0.007459757062883922	5	0.001264402241327411	8	5.771801320267611E-4	
162	file:/Users/widner/Projects/DLCL/Alduy/Rhetoric_of_LePen/chunks/stripped/2011.sgml_stripped.txt/47	9	0.1908603696546256	2	0.18314290013761195	4	0.1795189321529207	7	0.14185612865415226	0	0.10196778093108612	3	0.06765224685729528	6	0.06290646481268442	5	0.03962977616997144	8	0.03086308326008157	1	0.0016023173695706202	
163	file:/Users/widner/Projects/DLCL/Alduy/Rhetoric_of_LePen/chunks/stripped/2011.sgml_stripped.txt/48	9	0.33685333640020554	2	0.14333830769229108	0	0.12293396756082141	3	0.1129451875469397	5	0.08520275276417286	4	0.07779232767438791	7	0.07648164333804502	8	0.0325533128619515	6	0.010312859169644133	1	0.0015863049915407952	
164	file:/Users/widner/Projects/DLCL/Alduy/Rhetoric_of_LePen/chunks/stripped/2011.sgml_stripped.txt/49	9	0.4398296991883395	4	0.18154968441288316	3	0.15175920584471592	2	0.07870588332654067	1	0.06532237297332177	5	0.03021259916822178	0	0.02417848090309773	7	0.019845094899050435	8	0.00828788471604171	6	3.090945677874214E-4	
165	file:/Users/widner/Projects/DLCL/Alduy/Rhetoric_of_LePen/chunks/stripped/2011.sgml_stripped.txt/5	4	0.4340458823745577	2	0.20924518999563171	1	0.16993015208085335	9	0.07175890339268869	6	0.04811577147756258	5	0.04285997981355891	3	0.01144866659655751	7	0.006786520078093889	8	0.004752657248830217	0	0.001056276941665441	
166	file:/Users/widner/Projects/DLCL/Alduy/Rhetoric_of_LePen/chunks/stripped/2011.sgml_stripped.txt/6	4	0.40902161563113015	1	0.18052023291102398	2	0.17213877592558466	5	0.11232969503637746	0	0.04422534311553105	7	0.04167192624641241	3	0.029836646040781206	9	0.009335546667772853	8	5.914216150036594E-4	6	3.287968103825398E-4	
167	file:/Users/widner/Projects/DLCL/Alduy/Rhetoric_of_LePen/chunks/stripped/2011.sgml_stripped.txt/7	4	0.5516082591046962	1	0.14262905205425844	2	0.13225539864320462	7	0.07615732310550996	8	0.049633739376009386	5	0.04011569611184736	0	0.00512617020979985	9	0.001103988895020367	3	0.0010435914579990872	6	3.26781041654692E-4	
168	file:/Users/widner/Projects/DLCL/Alduy/Rhetoric_of_LePen/chunks/stripped/2011.sgml_stripped.txt/8	2	0.4792399168029701	4	0.17925252864576482	1	0.12057002637822072	5	0.11814253081178899	3	0.0824277271905899	9	0.011558092801388904	0	0.0073193275803393	8	6.000584413050182E-4	7	5.561929526141342E-4	6	3.335983950180578E-4	
169	file:/Users/widner/Projects/DLCL/Alduy/Rhetoric_of_LePen/chunks/stripped/2011.sgml_stripped.txt/9	4	0.4144868523751854	1	0.24836092083683076	2	0.2253972851779667	3	0.0404502740287371	5	0.028258449214273784	7	0.01506540521618818	9	0.011486204741910548	6	0.010697717526183821	8	0.0047428038554011825	0	0.0010540870273225103	
170	file:/Users/widner/Projects/DLCL/Alduy/Rhetoric_of_LePen/chunks/stripped/2012.sgml_stripped.txt/0	4	0.3369874508787201	2	0.1710299371587043	9	0.13433320908638996	1	0.11869429283234452	3	0.11206644444662331	0	0.10802426242053993	5	0.01742267737530743	8	5.806758128124618E-4	7	5.382272335630827E-4	6	3.2282275499491983E-4	
171	file:/Users/widner/Projects/DLCL/Alduy/Rhetoric_of_LePen/chunks/stripped/2012.sgml_stripped.txt/1	2	0.5357895042239241	0	0.1743870178844107	4	0.11200944717824236	1	0.08115577413886081	5	0.07470390935049494	7	0.018898435072249087	9	0.0011017374054093612	3	0.0010414631437230856	8	5.86597002626085E-4	6	3.261146000594207E-4	
172	file:/Users/widner/Projects/DLCL/Alduy/Rhetoric_of_LePen/chunks/stripped/2012.sgml_stripped.txt/10	4	0.3235087690270907	2	0.2401548919250295	1	0.13916351154107587	5	0.13680967508948516	7	0.07943284778722207	9	0.04559686609957027	3	0.02126214670412918	8	0.008673494752222795	0	0.005074321277454446	6	3.2347579671996007E-4	
173	file:/Users/widner/Projects/DLCL/Alduy/Rhetoric_of_LePen/chunks/stripped/2012.sgml_stripped.txt/11	4	0.3123808295672539	5	0.2665437153510737	8	0.13424357255440703	1	0.12705937253526264	2	0.11456554167476474	9	0.021672668292948546	6	0.014722105373087517	0	0.0051577913024746765	3	0.0031062158529005343	7	5.48187495826757E-4	
174	file:/Users/widner/Projects/DLCL/Alduy/Rhetoric_of_LePen/chunks/stripped/2012.sgml_stripped.txt/12	4	0.372776749438413	2	0.35999199808482646	1	0.13968370998028543	5	0.0507484351800162	9	0.03820071159737365	3	0.021656427954938565	8	0.010894757961658376	0	0.005168418537158465	7	5.493169942549069E-4	6	3.294742710749761E-4	
175	file:/Users/widner/Projects/DLCL/Alduy/Rhetoric_of_LePen/chunks/stripped/2012.sgml_stripped.txt/13	4	0.4552087243637616	1	0.3621763633523677	5	0.09198120535904496	0	0.03691135512035363	2	0.03524386685498563	3	0.015834030190633324	9	0.0011389004237492388	8	6.063836732607364E-4	7	5.620557972893446E-4	6	3.371148645538507E-4	
176	file:/Users/widner/Projects/DLCL/Alduy/Rhetoric_of_LePen/chunks/stripped/2012.sgml_stripped.txt/14	4	0.44603298050665724	1	0.20519447616137537	2	0.13307122411252828	3	0.12236505822959892	5	0.07120595628579181	0	0.011326352115062523	7	0.004660561370885321	9	0.0031669858551850046	8	0.002647608552532942	6	3.287968103825398E-4	
177	file:/Users/widner/Projects/DLCL/Alduy/Rhetoric_of_LePen/chunks/stripped/2012.sgml_stripped.txt/15	2	0.3950699880583837	3	0.1641945253646395	5	0.14200454751662298	4	0.13444299323361836	1	0.09339225380542955	0	0.04386456810767757	8	0.016901903224717723	7	0.00870136868344181	9	0.0011017374054093612	6	3.261146000594207E-4	
178	file:/Users/widner/Projects/DLCL/Alduy/Rhetoric_of_LePen/chunks/stripped/2012.sgml_stripped.txt/16	2	0.405267054447191	5	0.21134459896051244	1	0.185165851304695	4	0.1650341924000402	3	0.01531735608805327	9	0.011298803794216637	0	0.003076302552448464	7	0.0025831288501574445	8	5.86597002626085E-4	6	3.261146000594207E-4	
179	file:/Users/widner/Projects/DLCL/Alduy/Rhetoric_of_LePen/chunks/stripped/2012.sgml_stripped.txt/17	2	0.5559705779615164	4	0.15795177591833306	1	0.140814805999389	5	0.12149607967277544	9	0.01167992696436727	7	0.00899487702978377	3	0.0010765930337680793	0	0.0010718648822523147	8	6.063836732607364E-4	6	3.371148645538507E-4	
180	file:/Users/widner/Projects/DLCL/Alduy/Rhetoric_of_LePen/chunks/stripped/2012.sgml_stripped.txt/18	4	0.30989082297753623	1	0.3096212007804225	2	0.14814996188552426	5	0.127017359582062	7	0.06969205548146812	9	0.02836616433469161	0	0.005255039392673429	3	0.001069826790214371	8	6.025726327917913E-4	6	3.3499614261566093E-4	
181	file:/Users/widner/Projects/DLCL/Alduy/Rhetoric_of_LePen/chunks/stripped/2012.sgml_stripped.txt/19	1	0.3189405591370318	4	0.2532721833339154	2	0.18691641958865757	5	0.11874241244636825	7	0.07472456492118441	3	0.036079392829619306	9	0.00935478184801217	0	0.0010475714301068264	8	5.926401940292772E-4	6	3.294742710749761E-4	
182	file:/Users/widner/Projects/DLCL/Alduy/Rhetoric_of_LePen/chunks/stripped/2012.sgml_stripped.txt/2	2	0.6224850843383571	5	0.15703878579918504	4	0.11919475085912194	1	0.08049909048294625	3	0.01519341349121922	9	0.003115733609200532	0	0.0010284991355144716	8	5.818504683428445E-4	7	5.39316019392555E-4	6	3.2347579671996007E-4	
183	file:/Users/widner/Projects/DLCL/Alduy/Rhetoric_of_LePen/chunks/stripped/2012.sgml_stripped.txt/20	2	0.28493048155499784	1	0.2437091759090833	4	0.22328595732230497	5	0.21026752914067057	0	0.019672450572871036	9	0.009393490988175912	7	0.004689488767527764	3	0.003125495662967026	8	5.950924791504124E-4	6	3.3083760225111655E-4	
184	file:/Users/widner/Projects/DLCL/Alduy/Rhetoric_of_LePen/chunks/stripped/2012.sgml_stripped.txt/21	2	0.5123111440190904	1	0.2743405417826592	4	0.1708040920999998	3	0.015286181247051764	7	0.010718921650066833	8	0.006691190732686176	0	0.0051053040054342275	5	0.0033176785112368616	9	0.0010994950805432678	6	3.254508712313724E-4	
185	file:/Users/widner/Projects/DLCL/Alduy/Rhetoric_of_LePen/chunks/stripped/2012.sgml_stripped.txt/22	2	0.8870627575509802	6	0.03223361280680997	4	0.027770511736011534	1	0.01953513348918951	0	0.010987467798602376	7	0.010505114980471828	5	0.00524616776053528	3	0.0030132779126533834	8	0.002568392137091825	9	0.0010775638276540763	
186	file:/Users/widner/Projects/DLCL/Alduy/Rhetoric_of_LePen/chunks/stripped/2012.sgml_stripped.txt/23	2	0.724476611092211	4	0.18681790209031196	9	0.03228552838932173	1	0.020346836278620682	3	0.013526212649366298	6	0.012797488579813195	0	0.005211369047283016	8	0.00267511119602143	5	0.0013090587573831608	7	5.538819196675271E-4	
187	file:/Users/widner/Projects/DLCL/Alduy/Rhetoric_of_LePen/chunks/stripped/2012.sgml_stripped.txt/24	2	0.5664517519326726	4	0.1928719719430413	9	0.16395362845640904	3	0.023144599376165538	0	0.02112938126734895	1	0.019692251334138166	7	0.010589605881318905	5	0.0012669445858091565	8	5.783406730916764E-4	6	3.215245500045814E-4	
188	file:/Users/widner/Projects/DLCL/Alduy/Rhetoric_of_LePen/chunks/stripped/2012.sgml_stripped.txt/25	9	0.3301594439120635	3	0.24934669154090996	4	0.19768837662128216	2	0.12055925807992245	8	0.08940907099146851	7	0.008613535886168179	1	0.0016023173695706202	5	0.0012720600700972344	0	0.0010264227735224175	6	3.2282275499491983E-4	
189	file:/Users/widner/Projects/DLCL/Alduy/Rhetoric_of_LePen/chunks/stripped/2012.sgml_stripped.txt/26	9	0.253956706409479	3	0.1851179434526982	5	0.14692423044433509	4	0.14549259478173177	2	0.12080313873780024	0	0.05160127590976417	1	0.04610960227645646	8	0.02890260546192267	7	0.01267678244521248	6	0.00841512008059991	
190	file:/Users/widner/Projects/DLCL/Alduy/Rhetoric_of_LePen/chunks/stripped/2012.sgml_stripped.txt/27	3	0.39502567428953067	4	0.2973760602339619	2	0.10612258604943593	1	0.09396716747248059	0	0.056446400389555194	8	0.021109885120259464	9	0.015472293552464503	7	0.00875493346611193	5	0.005396877296254771	6	3.281221299450325E-4	
191	file:/Users/widner/Projects/DLCL/Alduy/Rhetoric_of_LePen/chunks/stripped/2012.sgml_stripped.txt/28	3	0.3396615017563596	4	0.19391945649732062	2	0.10884459051264253	5	0.10866418893304157	6	0.10562871539401832	9	0.08989652535373813	1	0.044996939271609505	0	0.007243767319485615	8	5.93863805000687E-4	7	5.504511567834089E-4	
192	file:/Users/widner/Projects/DLCL/Alduy/Rhetoric_of_LePen/chunks/stripped/2012.sgml_stripped.txt/29	9	0.4823312029986997	5	0.1282517713028758	3	0.10752954796305382	0	0.09114282928863901	2	0.06494995666906989	4	0.04489191534856636	1	0.03643730346911026	6	0.03309170235859038	7	0.010784771172255899	8	5.889994291388443E-4	
193	file:/Users/widner/Projects/DLCL/Alduy/Rhetoric_of_LePen/chunks/stripped/2012.sgml_stripped.txt/3	4	0.4134897519900298	1	0.3763664194829043	2	0.12433516368352789	5	0.0483889066972254	0	0.019471027719465583	9	0.009297312642155001	8	0.006732296706496568	3	0.0010457284888532872	7	5.459423766596944E-4	6	3.274502126825218E-4	
194	file:/Users/widner/Projects/DLCL/Alduy/Rhetoric_of_LePen/chunks/stripped/2012.sgml_stripped.txt/30	5	0.5009224713984554	9	0.1369880870568005	0	0.08096226519870635	4	0.07179637019408577	8	0.06253310026346226	3	0.05498426523735223	1	0.03356474488648561	2	0.029415115566550187	7	0.018520721028457563	6	0.010312859169644133	
195	file:/Users/widner/Projects/DLCL/Alduy/Rhetoric_of_LePen/chunks/stripped/2012.sgml_stripped.txt/31	5	0.4750397626649854	0	0.14235147025323067	3	0.1363838496259104	9	0.06278696614685149	7	0.05627018929542192	4	0.053594265129907996	1	0.03940319577581455	8	0.028442315266430818	2	0.0034189665000668784	6	0.0023090193413798587	
196	file:/Users/widner/Projects/DLCL/Alduy/Rhetoric_of_LePen/chunks/stripped/2012.sgml_stripped.txt/32	3	0.2943551412850775	9	0.18517772999649942	0	0.14870100731632357	5	0.1449013193733651	4	0.08278235158166217	8	0.06936082688132242	2	0.04797834018288069	1	0.015765936211906646	7	0.010653871374242493	6	3.2347579671996007E-4	
197	file:/Users/widner/Projects/DLCL/Alduy/Rhetoric_of_LePen/chunks/stripped/2012.sgml_stripped.txt/33	9	0.3604418513593326	3	0.2533843458672125	4	0.18355658647922324	2	0.1084462951010148	5	0.07193101078039182	0	0.011120558589278786	1	0.009677626022175716	8	5.806758128124618E-4	7	5.382272335630827E-4	6	3.2282275499491983E-4	
198	file:/Users/widner/Projects/DLCL/Alduy/Rhetoric_of_LePen/chunks/stripped/2012.sgml_stripped.txt/34	0	0.48826520590048805	3	0.22082204995199414	9	0.15453968219828682	1	0.05140323448384897	2	0.034659315236131694	4	0.030937673687799764	5	0.0075260611771178045	7	0.0067724500013257895	8	0.0047428038554011825	6	3.315235076058318E-4	
199	file:/Users/widner/Projects/DLCL/Alduy/Rhetoric_of_LePen/chunks/stripped/2012.sgml_stripped.txt/35	0	0.30773310425900163	9	0.30170430299114886	5	0.2978245950371297	3	0.02541077632757916	1	0.021923367470354053	7	0.01679053610992102	2	0.015675182045961383	4	0.01202913182560092	8	5.842140946626642E-4	6	3.247898386406094E-4	
200	file:/Users/widner/Projects/DLCL/Alduy/Rhetoric_of_LePen/chunks/stripped/2012.sgml_stripped.txt/36	5	0.2741720363953164	0	0.26590118271833313	9	0.15359125810624033	3	0.1274451923037261	7	0.08481528587697992	1	0.0537661896789547	4	0.03596438593150651	2	0.003446409501795849	8	5.771801320267611E-4	6	3.208793551202859E-4	
201	file:/Users/widner/Projects/DLCL/Alduy/Rhetoric_of_LePen/chunks/stripped/2012.sgml_stripped.txt/37	9	0.3641173008469483	6	0.21038568220948928	3	0.12952449964269475	7	0.09027789979390001	4	0.06510294178972889	5	0.06246742968392622	1	0.03017044219482444	2	0.02185735822803747	0	0.02143102205230156	8	0.004665423558148995	
202	file:/Users/widner/Projects/DLCL/Alduy/Rhetoric_of_LePen/chunks/stripped/2012.sgml_stripped.txt/38	6	0.35649639472743283	4	0.11178147854668645	5	0.10508080532729441	3	0.10483773284518241	0	0.10483316828517063	2	0.08694127392796983	9	0.0580868460975355	7	0.0412478596948841	1	0.03010903742412107	8	5.854031237227218E-4	
203	file:/Users/widner/Projects/DLCL/Alduy/Rhetoric_of_LePen/chunks/stripped/2012.sgml_stripped.txt/39	6	0.235935713964872	7	0.2219345303922432	3	0.18180768285964657	9	0.09452918005256608	0	0.0883712093828551	1	0.050359168658002676	2	0.04817324054613123	8	0.045269044532396205	5	0.023622226441946587	4	0.009998003169340304	
204	file:/Users/widner/Projects/DLCL/Alduy/Rhetoric_of_LePen/chunks/stripped/2012.sgml_stripped.txt/4	1	0.41400868075707653	4	0.2838456894166333	2	0.20347133216235846	5	0.030778364312441527	7	0.0215985746488029	9	0.011655355082913408	3	0.01159317877335809	0	0.00948469044001519	8	0.009020188496486593	6	0.0045439459099139564	
205	file:/Users/widner/Projects/DLCL/Alduy/Rhetoric_of_LePen/chunks/stripped/2012.sgml_stripped.txt/40	7	0.5104396163973507	9	0.16902304185345582	6	0.12728892727807548	4	0.10018159084478588	3	0.04609657518947659	1	0.028246240432633293	2	0.00966028117285038	8	0.004684530947377327	0	0.0030889016465116543	5	0.00129029423748285	
206	file:/Users/widner/Projects/DLCL/Alduy/Rhetoric_of_LePen/chunks/stripped/2012.sgml_stripped.txt/41	7	0.8214800809124967	4	0.1032202677136685	1	0.04620306697214718	0	0.011165641590352016	9	0.009203083842302152	5	0.005331240101058379	2	0.0014543275258237824	3	0.0010351299703061322	8	5.83029885953847E-4	6	3.241314858912194E-4	
207	file:/Users/widner/Projects/DLCL/Alduy/Rhetoric_of_LePen/chunks/stripped/2012.sgml_stripped.txt/42	7	0.7189242005288955	4	0.21455835239992577	5	0.043404551632752184	1	0.009619366506985885	2	0.005453083282339885	3	0.0030314179099958254	0	0.003026917467064312	9	0.0010840507848935246	8	5.771801320267611E-4	6	3.208793551202859E-4	
208	file:/Users/widner/Projects/DLCL/Alduy/Rhetoric_of_LePen/chunks/stripped/2012.sgml_stripped.txt/43	9	0.3702355406802327	4	0.28739898906572753	3	0.09893330047627293	2	0.08915799639416548	7	0.07804142012733127	0	0.045903981385439024	1	0.019973375806017164	5	0.005363857906605477	8	0.004665423558148995	6	3.261146000594207E-4	
209	file:/Users/widner/Projects/DLCL/Alduy/Rhetoric_of_LePen/chunks/stripped/2012.sgml_stripped.txt/44	3	0.22806042189537018	2	0.22037157331070695	0	0.20981277202478302	9	0.13487779901510547	7	0.08364788215603869	5	0.0499254938720531	4	0.03632888705717642	1	0.03606800929692111	8	5.83029885953847E-4	6	3.241314858912194E-4	
210	file:/Users/widner/Projects/DLCL/Alduy/Rhetoric_of_LePen/chunks/stripped/2012.sgml_stripped.txt/45	3	0.44981088373921163	4	0.17435262577345925	9	0.14447301524099623	2	0.06589451235182539	7	0.06288026350393115	1	0.04735493496513492	5	0.047015071919176483	8	0.004752657248830217	6	0.002409758315769259	0	0.001056276941665441	
211	file:/Users/widner/Projects/DLCL/Alduy/Rhetoric_of_LePen/chunks/stripped/2012.sgml_stripped.txt/46	3	0.4324596069464197	2	0.33053423573047386	4	0.09415792556728358	7	0.0727752431937157	9	0.05125089529849444	5	0.011297771144047595	1	0.003599345165353774	0	0.003026917467064312	8	5.771801320267611E-4	6	3.208793551202859E-4	
212	file:/Users/widner/Projects/DLCL/Alduy/Rhetoric_of_LePen/chunks/stripped/2012.sgml_stripped.txt/47	3	0.3951256934852191	2	0.29701679728070957	6	0.1370497104927918	5	0.08772741510845403	4	0.05815449461705976	1	0.013660125483721083	8	0.008621175140314455	9	0.001086230495147765	0	0.0010222950992920033	7	5.360627972904331E-4	
213	file:/Users/widner/Projects/DLCL/Alduy/Rhetoric_of_LePen/chunks/stripped/2012.sgml_stripped.txt/48	3	0.5843136605834992	4	0.2812807492324432	9	0.06432354901601446	2	0.03817266445012911	6	0.00848376771110524	5	0.007403271184366932	7	0.006661955405680354	1	0.005697482861686981	0	0.003076302552448464	8	5.86597002626085E-4	
214	file:/Users/widner/Projects/DLCL/Alduy/Rhetoric_of_LePen/chunks/stripped/2012.sgml_stripped.txt/49	3	0.448512997190772	4	0.27074521825515885	1	0.1480798573645244	2	0.08371336072355731	0	0.015066960150328532	6	0.012360922038384506	9	0.011117419687613709	8	0.008603875254202907	5	0.001264402241327411	7	5.349870941303853E-4	
215	file:/Users/widner/Projects/DLCL/Alduy/Rhetoric_of_LePen/chunks/stripped/2012.sgml_stripped.txt/5	4	0.28063591838595886	1	0.24940002800911384	5	0.15821645286940628	2	0.13362072248082488	9	0.08370249236169254	8	0.0398227394212894	3	0.027895174490065067	6	0.02510628649742568	0	0.0010497343274400283	7	5.504511567834089E-4	
216	file:/Users/widner/Projects/DLCL/Alduy/Rhetoric_of_LePen/chunks/stripped/2012.sgml_stripped.txt/50	9	0.5355731127357999	5	0.1528249604123067	3	0.1361982685907232	1	0.05077166378294495	7	0.045596789077283	4	0.03260532079385092	8	0.02720995429768898	2	0.011708046931969621	0	0.007184433164750136	6	3.274502126825218E-4	
217	file:/Users/widner/Projects/DLCL/Alduy/Rhetoric_of_LePen/chunks/stripped/2012.sgml_stripped.txt/51	3	0.4225683511088742	4	0.2671447169416097	5	0.1328915644116703	2	0.11045316779970617	9	0.058684033168475626	8	0.002647608552532942	7	0.0026043744333560394	1	0.0016319693459764066	0	0.001045417427416112	6	3.287968103825398E-4	
218	file:/Users/widner/Projects/DLCL/Alduy/Rhetoric_of_LePen/chunks/stripped/2012.sgml_stripped.txt/52	2	0.48185606133153963	3	0.21387134115005366	4	0.12349038306412065	9	0.07812147603383945	7	0.0572967322004509	0	0.025354722335668517	5	0.017493309311329665	1	0.0016088132011524662	8	5.83029885953847E-4	6	3.241314858912194E-4	
219	file:/Users/widner/Projects/DLCL/Alduy/Rhetoric_of_LePen/chunks/stripped/2012.sgml_stripped.txt/53	2	0.3938337645893566	3	0.22379391870901913	4	0.17354577707314842	7	0.0986367139290074	9	0.07671648530132992	1	0.020014193016999714	5	0.007418400368578362	0	0.00512617020979985	8	5.877957611058963E-4	6	3.26781041654692E-4	
220	file:/Users/widner/Projects/DLCL/Alduy/Rhetoric_of_LePen/chunks/stripped/2012.sgml_stripped.txt/54	2	0.53253134970767	5	0.13505997834395211	4	0.09511222157348764	3	0.08819662597725035	7	0.05932374373549612	0	0.03548978001089459	1	0.021878928551604608	9	0.02136515305257344	6	0.008432177626072077	8	0.002610041420999061	
221	file:/Users/widner/Projects/DLCL/Alduy/Rhetoric_of_LePen/chunks/stripped/2012.sgml_stripped.txt/55	3	0.28828640807216754	0	0.2781673158584028	2	0.27049855798957934	9	0.05571142145442021	5	0.04780158796680569	4	0.024117930523532515	1	0.01981175835384662	6	0.014483853293509872	8	5.818504683428445E-4	7	5.39316019392555E-4	
222	file:/Users/widner/Projects/DLCL/Alduy/Rhetoric_of_LePen/chunks/stripped/2012.sgml_stripped.txt/56	3	0.396302379304123	4	0.20659785600097444	1	0.14349962065431746	5	0.11073583992340952	9	0.06798641835861338	2	0.039967546691682856	0	0.03143575694080416	6	0.002351143020936434	8	5.83029885953847E-4	7	5.404092191848984E-4	
223	file:/Users/widner/Projects/DLCL/Alduy/Rhetoric_of_LePen/chunks/stripped/2012.sgml_stripped.txt/57	2	0.38079409511405354	4	0.2812807492324432	3	0.19682513780882277	8	0.053611342224423916	1	0.04444633513915463	5	0.03187623051750439	6	0.0064443544333437856	7	0.0025831288501574445	9	0.0011017374054093612	0	0.0010368892746870093	
224	file:/Users/widner/Projects/DLCL/Alduy/Rhetoric_of_LePen/chunks/stripped/2012.sgml_stripped.txt/58	9	0.2499115995723541	8	0.23937136001676715	5	0.16380497846539438	4	0.1623848341057808	1	0.08988631772874736	7	0.05270850538827534	3	0.02309815571543619	2	0.017493125965604105	0	0.0010202436865202752	6	3.208793551202859E-4	
225	file:/Users/widner/Projects/DLCL/Alduy/Rhetoric_of_LePen/chunks/stripped/2012.sgml_stripped.txt/59	9	0.3887897759290215	8	0.36843659806323525	1	0.08361095976326112	5	0.05789489315844924	3	0.05475340012408791	0	0.035102786523407814	4	0.008201188966714602	2	0.0020134690492070837	7	7.48178946911304E-4	6	4.487494757041065E-4	
226	file:/Users/widner/Projects/DLCL/Alduy/Rhetoric_of_LePen/chunks/stripped/2012.sgml_stripped.txt/6	5	0.566543665752454	2	0.19727469027967084	4	0.1028034999531723	1	0.09043071254822668	9	0.025316542276221148	0	0.015158212915581335	3	0.00103095047330324	8	5.806758128124618E-4	7	5.382272335630827E-4	6	3.2282275499491983E-4	
227	file:/Users/widner/Projects/DLCL/Alduy/Rhetoric_of_LePen/chunks/stripped/2012.sgml_stripped.txt/7	4	0.2558117885378482	3	0.2406343223058045	9	0.16083197881697883	1	0.13473005990683382	6	0.08633361209569065	5	0.08320092460225248	2	0.036281236041400516	0	0.0010411358873924133	8	5.889994291388443E-4	7	5.459423766596944E-4	
228	file:/Users/widner/Projects/DLCL/Alduy/Rhetoric_of_LePen/chunks/stripped/2012.sgml_stripped.txt/8	4	0.3196097816057413	1	0.28988624315958406	3	0.1567533176585612	2	0.0940752854662634	5	0.04971229547138106	7	0.046843816194055615	6	0.02137410694008243	9	0.020070435597997646	0	0.0010696099249309535	8	6.05107981402356E-4	
229	file:/Users/widner/Projects/DLCL/Alduy/Rhetoric_of_LePen/chunks/stripped/2012.sgml_stripped.txt/9	1	0.4395997870397136	4	0.41107780256865945	5	0.0732621432233211	0	0.0380567823029432	7	0.01699768299606102	3	0.013387150540546946	8	0.0047037954900622245	2	0.0014752601106541993	9	0.0011107989176557217	6	3.287968103825398E-4	
230	file:/Users/widner/Projects/DLCL/Alduy/Rhetoric_of_LePen/chunks/stripped/2013.sgml_stripped.txt/0	1	0.4068414694402097	2	0.3248066810378871	5	0.12518466035809747	4	0.09430797552542271	7	0.03414935303260241	3	0.011568840592095925	9	0.001134118514405019	0	0.0010673644355150046	8	6.038376458004935E-4	6	3.35699417964079E-4	
231	file:/Users/widner/Projects/DLCL/Alduy/Rhetoric_of_LePen/chunks/stripped/2013.sgml_stripped.txt/1	4	0.5015693895699497	1	0.29519619894730775	2	0.11391473467380582	9	0.032352742702220265	5	0.02837611011947017	8	0.015171907850141794	3	0.00939063001005951	7	0.002636906266682287	0	0.0010584759742477325	6	3.329038861150346E-4	
232	file:/Users/widner/Projects/DLCL/Alduy/Rhetoric_of_LePen/chunks/stripped/2013.sgml_stripped.txt/10	9	0.27607219251052434	3	0.24318006387302335	4	0.2152973519007147	5	0.08337165021283961	1	0.06729158726417524	2	0.06097929646614997	0	0.025666884764587488	8	0.025213820536921824	7	0.0025990303411183896	6	3.281221299450325E-4	
233	file:/Users/widner/Projects/DLCL/Alduy/Rhetoric_of_LePen/chunks/stripped/2013.sgml_stripped.txt/11	4	0.25055397579499644	3	0.1990877947150137	9	0.1909440242274887	0	0.07620120912997591	2	0.06507465052416055	5	0.06493149164025915	1	0.06192264407970762	8	0.05290130663219678	6	0.023200139727883737	7	0.015182763528317517	
234	file:/Users/widner/Projects/DLCL/Alduy/Rhetoric_of_LePen/chunks/stripped/2013.sgml_stripped.txt/2	4	0.3459912432425773	1	0.2983363236017736	3	0.12673802918475538	9	0.08971130043551916	2	0.04886804150242763	7	0.031455670297142205	5	0.028083776091232176	8	0.019136452175761657	0	0.011349689197735926	6	3.294742710749761E-4	
235	file:/Users/widner/Projects/DLCL/Alduy/Rhetoric_of_LePen/chunks/stripped/2013.sgml_stripped.txt/3	9	0.4279178029270317	3	0.25549187012301044	4	0.184517836275747	5	0.040280328337884835	1	0.032408136222545174	0	0.021562949347925128	7	0.01901477200776783	2	0.01583600688286401	8	0.0026421757452788426	6	3.281221299450325E-4	
236	file:/Users/widner/Projects/DLCL/Alduy/Rhetoric_of_LePen/chunks/stripped/2013.sgml_stripped.txt/4	2	0.2965733151690484	9	0.22294311153954874	3	0.1475782461079266	5	0.13764500590843284	0	0.10076264321252833	1	0.04028535010572683	4	0.024265189484876944	6	0.01864281369812173	7	0.010718921650066833	8	5.854031237227218E-4	
237	file:/Users/widner/Projects/DLCL/Alduy/Rhetoric_of_LePen/chunks/stripped/2013.sgml_stripped.txt/5	9	0.2119699543560803	5	0.17272558600664095	8	0.16022409887213174	3	0.15869264720418683	2	0.13150521267661103	0	0.09561379391290376	4	0.05306607327549752	1	0.015361950047217979	7	5.254965920333973E-4	6	3.1518705669652804E-4	
238	file:/Users/widner/Projects/DLCL/Alduy/Rhetoric_of_LePen/chunks/stripped/2013.sgml_stripped.txt/6	4	0.2594534539944929	3	0.22769878330752058	9	0.22363883141469745	1	0.10671693312387232	8	0.08713042944211372	5	0.07959436492937767	0	0.007228842090684286	2	0.005599146878385408	6	0.0023898978246007963	7	5.493169942549069E-4	
239	file:/Users/widner/Projects/DLCL/Alduy/Rhetoric_of_LePen/chunks/stripped/2013.sgml_stripped.txt/7	9	0.4542249024355077	4	0.20011119369792144	3	0.14870554417523843	8	0.0572233604555025	0	0.05564709805170414	5	0.04780158796680569	1	0.02790340263772657	2	0.00752011876348094	7	5.39316019392555E-4	6	3.2347579671996007E-4	
240	file:/Users/widner/Projects/DLCL/Alduy/Rhetoric_of_LePen/chunks/stripped/2013.sgml_stripped.txt/8	9	0.4486482243810147	2	0.1424733035629762	4	0.12041267149033631	0	0.10934880039146977	3	0.08483041180012589	1	0.0506679077763144	5	0.04011569611184736	6	0.0023703620256090045	8	5.877957611058963E-4	7	5.448266992004178E-4	
241	file:/Users/widner/Projects/DLCL/Alduy/Rhetoric_of_LePen/chunks/stripped/2013.sgml_stripped.txt/9	3	0.38841182048253453	4	0.18733862962108916	2	0.14364752496461536	9	0.13298019505956138	5	0.04868801162649038	8	0.03149899349691657	1	0.030481261643416968	0	0.019591383411839206	7	0.012911858315409827	6	0.004450321378126616	
242	file:/Users/widner/Projects/DLCL/Alduy/Rhetoric_of_LePen/chunks/stripped/2014.sgml_stripped.txt/0	4	0.5087287341920734	8	0.08677285178685723	2	0.0794470058411306	5	0.07721574708784606	0	0.07696607747286699	9	0.0565116477190881	7	0.05595019075772907	1	0.030356168514213997	3	0.015411648248262355	6	0.012639928379932112	
243	file:/Users/widner/Projects/DLCL/Alduy/Rhetoric_of_LePen/chunks/stripped/2014.sgml_stripped.txt/1	4	0.6007726212815001	9	0.09543007944271757	2	0.08861739244629943	3	0.07605079954256004	1	0.05742591486226251	5	0.032896157324659794	7	0.024778384136297498	8	0.015175156215053177	0	0.008467562407482481	6	3.859323411673905E-4	
